#type       avg     std     min      p5     p10     p50     p67     p75     p80     p85     p90     p95     p99    p999   p9999     QPS   target
read      438.1   401.5   118.1   252.0   275.4   373.1   424.7   457.9   483.6   519.2   573.9   696.0  1713.5  7487.4  9142.8   4992.4     5000
read      536.1   707.2   118.1   242.2   280.0   420.5   486.5   526.9   557.5   598.6   669.7   907.3  3584.8  8300.4 13974.6   9954.2    10000
read      678.2  1051.7   109.4   234.9   279.6   469.1   556.7   611.2   655.8   726.6   902.1  1724.9  6492.2 13511.1 16744.9  15082.2    15000
read     1124.8  1456.1   109.4   258.1   312.7   576.9   758.7  1043.7  1652.8  2249.6  2620.3  3547.4  7883.0 12567.8 16293.7  19927.8    20000
read     2865.0  1580.8   137.8   987.5  1795.0  2470.1  2737.7  2972.7  3221.8  3697.8  4478.3  6533.5  8131.8 14501.6 18684.8  23332.0    25000
read     2965.4  1260.5   275.4  2230.7  2304.0  2599.7  2744.1  2875.1  2983.0  3194.0  3695.4  5606.4  8058.6 12103.2 16419.5  24165.2    30000
read     3157.1  1584.7   346.9  2071.4  2167.7  2624.5  2975.4  3276.5  3533.9  3926.8  4708.8  7087.2  8773.2 15859.6 23235.9  22814.6    35000
read     3428.8  1775.4   346.9  2246.5  2355.8  2802.6  3194.7  3539.8  3870.2  4342.0  5201.0  7612.5  9994.2 17336.4 25137.5  21098.4    40000
read     2985.5  1427.3   374.7  2081.9  2168.1  2510.6  2741.2  2957.2  3180.9  3568.5  4277.8  6344.3  8158.7 14388.9 19462.7  24082.6    45000
read     4853.6  2843.0   236.1  2363.0  2500.6  3976.4  5035.9  5813.6  6510.5  7449.2  8070.9  9879.6 15912.8 24673.7 31529.0  15219.0    50000
read     3080.1  1305.4   374.7  2244.3  2333.2  2668.6  2878.6  3052.1  3224.0  3526.4  4123.3  6129.6  8081.1 11127.1 16027.1  23332.6    55000
read     2896.7  1391.3   236.1  2039.3  2089.8  2433.1  2677.5  2889.2  3101.8  3428.6  4125.1  6127.5  8102.0 14112.4 16114.9  24824.1    60000
read     2841.4  1251.5   148.8  2081.7  2166.6  2476.1  2653.8  2776.9  2921.9  3131.6  3625.1  5299.7  8039.5 10954.4 15811.8  25215.0    65000
read     2815.1  1281.5   218.6  2144.4  2222.2  2480.4  2591.5  2693.6  2757.3  2903.5  3203.4  5294.2  8080.3 12576.9 17084.5  25488.6    70000
read     2785.1  1154.4   297.4  2154.6  2227.3  2490.4  2607.5  2700.5  2758.7  2898.6  3159.4  4828.5  7999.8 10134.5 14162.8  25786.0    75000
read     2587.0  1141.6   255.0  1972.5  2052.3  2294.0  2400.2  2500.2  2562.7  2706.0  2975.7  4364.3  7980.7 10049.7 12833.8  27713.6    80000
Warning! Detected max cpu usage > 95%
CPU Usage Stats (avg/min/max): 66.33%,0.50%,100.00%