#type       avg     std     min      p5     p10     p50     p67     p75     p80     p85     p90     p95     p99    p999   p9999     QPS   target
read      413.6   346.3   118.1   251.6   275.2   363.9   403.5   432.1   453.4   478.2   518.5   614.1  1565.5  7132.8  8964.0   5011.8     5000
read      470.7   648.6   109.4   235.8   268.9   391.9   451.5   482.2   505.7   536.4   578.2   661.4  2096.7  9275.9 15816.8  10018.8    10000
read      558.8   620.5   109.4   236.1   280.4   461.1   538.5   583.1   618.2   664.3   735.9   964.2  2830.3  8073.8 10916.6  15054.4    15000
read      772.4  1131.0   109.4   241.8   292.0   516.0   622.1   696.4   766.3   908.8  1325.7  2244.9  6226.8 14295.1 26277.4  20002.9    20000
read     2931.7  1260.7   236.1  2241.0  2363.4  2646.2  2751.0  2844.6  2922.2  3011.8  3222.0  5140.3  8060.4 13769.2 20839.2  24324.4    25000
read     2714.5  1218.0   187.4  2055.1  2126.8  2397.8  2525.9  2617.7  2713.8  2857.7  3194.1  4814.8  8023.7 10575.2 15525.6  26242.6    30000
read     2756.3  1274.1   173.5  2059.5  2131.2  2412.5  2539.4  2647.8  2739.7  2921.3  3384.8  5017.9  8048.3 12576.6 16236.2  25976.8    35000
read     2731.6  1224.1   374.7  1972.7  2058.9  2352.8  2538.6  2697.7  2847.6  3106.1  3644.4  4906.5  8003.9  9946.2 13129.3  26347.4    40000
read     2699.5  1237.6   236.1  2040.4  2088.7  2362.9  2512.1  2610.5  2712.3  2863.4  3182.2  4723.6  8038.1 12006.6 16070.2  26621.2    45000
read     2892.0  1228.2   255.0  2200.9  2247.2  2530.8  2695.9  2814.2  2949.8  3184.2  3652.9  5123.9  8040.3 12081.4 16228.7  24827.4    50000
read     2549.1  1178.4   236.1  1867.5  1925.9  2200.6  2364.5  2506.0  2632.0  2836.4  3238.1  4399.6  7976.7  9997.4 14836.6  28094.4    55000
read     2829.5  1255.5   236.1  2061.4  2135.7  2454.5  2623.7  2764.1  2926.2  3190.0  3776.3  5104.2  8058.0 11051.8 15763.3  25346.0    60000
read     2987.3  1275.3   255.0  2211.4  2272.7  2602.1  2779.0  2952.6  3120.2  3378.4  3882.3  5388.1  8067.8 14103.8 16096.3  24082.8    65000
read     2848.9  1252.6   275.4  2143.5  2223.9  2507.2  2659.7  2755.4  2867.2  3003.9  3407.5  5143.1  8051.8 13215.6 16138.1  25233.2    70000
read     2765.5  1208.4   255.0  2080.5  2160.9  2437.7  2558.7  2682.3  2765.4  2948.9  3344.3  4827.6  8012.5 10865.1 16006.0  26032.9    75000
read     2730.0  1209.8   236.1  2064.7  2127.0  2408.2  2540.8  2648.5  2734.7  2880.3  3181.7  4762.1  8041.5 11150.2 15903.9  26235.4    80000
Warning! Detected max cpu usage > 95%
CPU Usage Stats (avg/min/max): 66.13%,0.50%,100.00%