#type       avg     std     min      p5     p10     p50     p67     p75     p80     p85     p90     p95     p99    p999   p9999     QPS   target
read      410.1   329.9   109.4   253.9   275.4   363.3   405.3   436.6   458.4   485.1   525.9   609.9  1428.2  7073.9  9324.8   4959.6     5000
read      512.1   570.1   118.1   242.1   278.6   422.8   487.6   526.9   555.4   594.5   656.2   842.0  2612.6  7905.8 10100.9  10006.0    10000
read      655.0  1079.5   118.1   234.5   277.9   459.3   537.1   584.3   623.4   679.8   782.3  1509.8  6307.1 15423.2 20130.3  14963.0    15000
read      745.5  1065.6   109.4   233.9   281.2   497.1   600.5   669.3   730.9   852.1  1207.8  2184.2  6241.6 12662.1 17040.8  19950.6    20000
read     1072.0  1158.8   109.4   278.0   335.7   669.0   944.3  1337.1  1677.8  1971.0  2225.4  2545.5  7516.1 10998.4 15664.7  25093.2    25000
read     2641.9  1253.3   127.6  1934.6  2082.5  2372.2  2500.1  2561.0  2659.5  2766.8  3060.3  4647.8  8023.1 12259.9 16177.5  26616.4    30000
read     2971.9  1192.6   404.6  2273.4  2379.4  2664.6  2799.3  2918.5  2993.1  3152.5  3414.7  5218.5  8039.0 10905.6 16198.1  24153.2    35000
read     2528.6  1220.3   374.7  1889.9  1941.4  2201.8  2339.7  2441.0  2532.8  2687.1  3023.1  4365.0  8018.7 11392.4 16231.3  28388.6    40000
read     2720.4  1202.0   187.4  2039.3  2088.6  2369.1  2528.4  2652.1  2757.1  2954.1  3402.7  4757.2  8013.3 10069.6 13923.4  26447.6    45000
read     2566.3  1244.4   236.1  1919.8  2001.5  2258.1  2362.3  2461.7  2535.7  2668.7  2927.0  4387.5  8036.0 12750.6 18274.4  28001.6    50000
read     2863.7  1253.8   218.6  2201.6  2244.2  2518.5  2666.9  2758.2  2866.3  2989.2  3381.9  5115.7  8069.2 12779.4 16240.5  25084.2    55000
read     2809.9  1234.1   148.8  2094.2  2201.3  2471.6  2615.7  2734.6  2851.7  3027.2  3425.4  5072.7  8026.4 10236.9 16231.7  25597.7    60000
read     3115.0  1288.0   202.4  2379.0  2430.5  2734.5  2908.5  3023.6  3157.4  3360.4  3835.9  6104.0  8092.0 12661.9 16627.0  23066.0    65000
read     2626.6  1139.8   297.4  2040.1  2087.1  2336.5  2455.1  2526.0  2579.4  2710.7  2960.1  4456.1  7988.8 10015.9 14479.9  27340.0    70000
read     2921.8  1428.8   275.4  2110.2  2207.7  2500.6  2682.4  2822.1  2965.0  3205.2  3846.4  5890.7  8625.0 14887.4 20438.3  24605.8    75000
read     2831.2  1128.5   236.1  2217.2  2273.7  2547.7  2683.8  2752.4  2832.5  2941.0  3150.8  4784.1  7997.8 10022.1 15245.0  25311.8    80000
Warning! Detected max cpu usage > 95%
CPU Usage Stats (avg/min/max): 66.73%,0.00%,100.00%