#type       avg     std     min      p5     p10     p50     p67     p75     p80     p85     p90     p95     p99    p999   p9999      QPS   target       ts_start         ts_end
read      261.2   111.6   101.3   173.7   189.3   254.0   277.2   291.7   302.3   315.5   334.2   364.7   442.2   951.7  7549.4   4891.0     5000  1777978749304  1777978751562
read      282.8    95.0    93.8   166.5   187.2   276.6   306.8   322.9   336.5   351.8   372.3   407.5   518.0  1235.8  3052.5  15012.5    15000  1777978753066  1777978755307
read      296.0   125.3    93.8   157.5   177.0   290.6   327.7   346.7   361.8   378.2   401.7   442.4   633.6  1202.5  3492.4  24969.2    25000  1777978756811  1777978759011
read      285.1    96.6    86.8   146.9   164.1   284.7   326.6   346.9   362.6   379.7   401.2   435.1   520.5   820.5  1780.1  35153.0    35000  1777978760516  1777978762716
read      289.8   109.8    86.8   142.5   159.1   286.7   335.0   359.0   375.1   395.4   421.1   461.4   571.2   942.6  1779.9  45187.8    45000  1777978764220  1777978766422
read      292.4   135.2    86.8   141.7   157.9   279.6   333.1   360.0   378.6   400.3   430.0   479.2   680.1  1451.2  3149.9  55153.1    55000  1777978767927  1777978770126
read      285.8   135.6    86.8   140.3   156.1   271.5   327.2   355.4   374.3   397.6   427.4   471.8   589.6  1227.0  3406.6  64878.2    65000  1777978771631  1777978773834
read      289.4   142.9    86.8   139.4   155.1   267.6   323.6   354.8   376.4   401.9   436.3   497.8   729.1  1552.2  3552.2  75103.5    75000  1777978775338  1777978777540
read      312.2   148.3    86.8   146.2   164.6   290.7   346.7   379.2   402.3   431.8   471.2   546.9   810.5  1323.4  2188.5  85176.4    85000  1777978779044  1777978781247
read      356.6   197.2    86.8   147.2   166.0   309.2   388.2   439.2   481.6   536.2   612.5   741.6  1026.3  1358.2  1746.2  95002.9    95000  1777978782752  1777978784952
read      451.0   253.8    86.8   164.3   191.5   402.9   503.4   561.8   614.0   695.0   817.4   961.9  1148.5  1384.3  7035.2 103729.3   105000  1777978786456  1777978788659
read      489.1   330.5    86.8   166.8   194.3   404.9   555.7   629.0   682.5   754.5   905.0  1109.0  1382.3  2931.4  7446.6 101743.9   115000  1777978790163  1777978792363
read      578.7   223.1   101.3   332.6   366.6   502.8   624.6   742.2   798.4   849.1   902.4   970.6  1096.1  1377.6  6314.1 111535.4   125000  1777978793867  1777978796070
Warning! Detected max cpu usage > 95%
CPU Usage Stats (avg/min/max): 51.24%,2.49%,100.00%
