#type       avg     std     min      p5     p10     p50     p67     p75     p80     p85     p90     p95     p99    p999   p9999      QPS   target       ts_start         ts_end
read      245.1    80.8    93.8   157.2   172.3   237.5   262.5   277.0   289.1   303.1   321.3   357.7   442.5   773.2  4404.9   4892.5     5000  1777910803159  1777910805437
read      258.8    84.4    86.8   144.6   165.7   254.1   284.6   301.4   313.9   329.1   348.6   382.7   471.2   804.4  2572.5  14835.9    15000  1777910806944  1777910809192
read      285.1   102.7    80.4   136.4   156.8   279.1   323.8   346.4   364.5   384.9   409.8   452.3   557.6   803.0  1497.0  25033.0    25000  1777910810698  1777910812901
read      298.7   118.7    80.4   132.8   152.0   288.5   344.5   374.4   395.5   419.4   449.7   498.8   623.1   785.9  1204.4  34958.5    35000  1777910814408  1777910816613
read      314.4   146.4    74.4   131.5   150.6   296.1   364.5   399.9   425.4   454.8   493.4   564.1   692.7   919.1  2767.6  45085.0    45000  1777910818118  1777910820323
read      338.3   178.9    74.4   130.3   149.0   307.0   391.1   436.7   468.6   508.3   566.2   645.1   838.7  1260.2  3771.0  54885.0    55000  1777910821827  1777910824031
read      554.9   750.1    80.4   142.4   165.1   333.1   462.0   565.0   652.1   778.6  1011.2  1726.5  4164.7  7669.8  9257.9  65050.0    65000  1777910825536  1777910827738
read      920.5  1699.8    80.4   164.3   187.6   307.1   370.4   418.3   472.0   902.5  2950.0  5665.6  7635.4 10370.0 12813.8  70795.6    75000  1777910829244  1777910831446
read      998.3  1893.7    86.8   171.9   194.5   323.9   383.9   424.2   462.1   540.5  4474.8  6271.4  7586.3  9390.9 11648.9  68501.8    85000  1777910832953  1777910835155
read      967.8  1860.0    86.8   171.1   196.1   305.9   371.6   420.4   463.3   544.0  3711.5  6218.5  7664.5 10103.7 12913.1  70536.5    95000  1777910836661  1777910838864
read      980.0  1876.9    86.8   171.4   193.7   319.5   378.0   415.5   450.0   515.3  4282.5  6273.7  7438.7  9391.6 11692.2  69646.0   105000  1777910840370  1777910842571
read     1015.3  1899.9    86.8   176.1   201.1   326.6   395.1   441.6   486.1   575.8  4353.1  6291.7  7685.3  9391.4 10986.7  67133.5   115000  1777910844077  1777910846276
read     1027.7  1907.2    80.4   179.0   204.2   335.0   402.9   450.8   497.2   612.2  4355.7  6265.1  7675.2 10040.8 14642.6  66640.0   125000  1777910847783  1777910849988
Warning! Detected max cpu usage > 95%
CPU Usage Stats (avg/min/max): 50.00%,0.00%,100.00%
