#type       avg     std     min      p5     p10     p50     p67     p75     p80     p85     p90     p95     p99    p999   p9999      QPS   target       ts_start         ts_end
read      235.4   102.9    86.8   136.5   149.8   221.2   256.4   276.7   292.4   310.9   334.6   371.0   459.6  1107.1  3519.4  30281.5    30305  1775297090153  1775297100256
read      232.0   107.8    86.8   135.3   148.0   217.3   251.0   271.1   286.7   305.4   330.0   368.5   457.9   906.8  4255.6  30221.6    30310  1775297101768  1775297111867
read      235.4   116.7    86.8   140.2   152.3   219.5   253.7   274.3   290.2   309.1   333.5   370.9   459.8  1094.8  4237.0  30385.4    30315  1775297113380  1775297123483
read      237.3   118.8    86.8   139.6   152.0   221.7   255.6   275.9   291.7   311.0   335.9   373.7   464.5  1383.3  4111.8  30258.7    30320  1775297124996  1775297135098
read      238.2   106.8    86.8   138.8   151.5   223.3   259.2   280.4   295.9   314.9   339.3   377.2   468.9  1020.7  4062.6  30327.6    30325  1775297136609  1775297146712
read      238.1    95.5    86.8   140.7   153.8   224.9   260.0   280.5   295.5   313.8   337.0   372.2   451.1   676.3  3520.2  30366.5    30330  1775297148224  1775297158324
read      235.7   106.0    86.8   137.7   150.2   222.1   256.9   277.3   292.7   311.3   334.9   371.2   455.1   843.5  4101.5  30345.5    30335  1775297159836  1775297169941
read      235.0   112.4    86.8   139.3   151.6   220.8   255.0   274.9   290.2   308.0   330.8   366.9   454.4   877.9  4262.8  30282.7    30340  1775297171453  1775297181554
read      233.7    97.8    86.8   139.4   151.8   220.3   253.9   273.8   288.9   306.5   329.2   365.6   447.1   831.6  3906.6  30378.1    30345  1775297183067  1775297193170
read      236.4   101.4    86.8   139.4   152.4   223.0   257.9   278.1   293.3   311.2   333.9   368.7   448.5   795.9  3973.9  30239.7    30350  1775297194682  1775297204782
read      236.4    91.1    86.8   139.6   152.6   224.1   259.1   278.9   293.6   311.3   333.8   368.6   448.5   647.2  3552.0  30341.9    30355  1775297206297  1775297216398
read      245.9   104.9    86.8   142.8   156.4   230.8   267.3   288.1   303.4   321.1   346.0   388.3   503.7  1036.0  3851.0  30313.3    30360  1775297217911  1775297228012
read      236.1    96.8    86.8   137.0   150.0   222.6   258.8   279.3   294.5   312.7   335.9   371.8   464.7   800.2  3226.0  30389.5    30365  1775297229524  1775297239625
read      242.2   670.4    93.8   138.5   151.1   222.5   257.9   278.4   293.5   311.5   334.5   369.9   452.7   946.9  9928.4  30427.4    30370  1775297241137  1775297251237
read      237.1    98.5    86.8   140.1   153.0   223.1   258.3   279.0   294.2   312.4   335.5   370.7   454.9   813.2  3454.0  30277.6    30375  1775297252751  1775297262853
read      233.9    98.5    93.8   140.3   152.7   220.4   253.9   273.6   288.8   306.6   329.7   365.7   449.8   714.3  4107.7  30449.7    30380  1775297264365  1775297274467
read      236.6   108.6    86.8   138.9   151.5   222.7   257.5   277.7   292.7   310.7   333.7   369.2   457.0  1040.8  4154.4  30424.1    30385  1775297275980  1775297286084
read      235.7   106.1    86.8   135.2   148.3   221.6   257.3   278.0   293.4   312.1   336.5   374.2   466.4   821.5  4166.3  30316.4    30390  1775297287595  1775297297698
read      241.9   106.4    86.8   140.1   153.5   228.6   264.6   285.1   299.9   317.9   341.8   378.9   468.4   854.8  4247.1  30300.2    30395  1775297299212  1775297309313
read      235.5    97.2    86.8   138.7   151.3   221.9   256.9   277.4   292.5   310.6   333.5   368.8   453.0   845.9  4081.2  30355.0    30400  1775297310826  1775297320927
read      238.6    99.7    86.8   142.7   155.1   224.4   259.0   279.4   294.4   312.8   336.6   373.3   462.8   704.8  4056.9  30342.1    30405  1775297322441  1775297332544
read      237.2    97.2    93.8   141.7   154.0   222.3   257.0   277.4   293.1   311.9   336.3   373.5   467.4   746.1  2808.1  30332.5    30410  1775297334055  1775297344156
read      239.4   105.0    86.8   141.4   154.9   225.3   259.6   279.7   294.6   313.1   337.3   374.1   463.2   901.1  4034.6  30471.7    30415  1775297345669  1775297355768
read      235.0   603.8    86.8   138.7   151.2   218.9   251.8   271.4   286.0   303.1   325.5   362.0   444.9   816.2  4305.0  30383.9    30420  1775297357281  1775297367381
read      230.9    95.7    86.8   135.0   148.9   217.9   251.8   271.4   286.3   303.6   326.0   362.3   440.7   686.8  3555.5  30377.6    30425  1775297368894  1775297378996
read      233.0    94.8    86.8   138.8   151.2   219.3   253.5   273.9   289.4   307.5   330.4   366.0   442.1   675.7  3267.8  30346.1    30430  1775297380508  1775297390611
read      230.1   110.6    86.8   129.5   142.6   214.9   250.4   271.3   286.8   305.2   329.3   367.9   466.6  1147.1  4153.9  30430.5    30435  1775297392123  1775297402227
read      239.9   117.2    86.8   142.1   154.5   225.1   260.1   280.2   294.9   313.1   336.7   373.2   468.5  1075.3  4340.9  30502.7    30440  1775297403739  1775297413839
read      244.3   103.0    93.8   140.8   154.5   230.1   267.2   288.6   304.5   322.7   346.6   387.1   479.5   810.4  4141.6  30413.2    30445  1775297415353  1775297425453
read      243.5   113.6    86.8   141.8   155.3   228.1   264.2   285.2   300.6   319.2   343.7   383.5   481.9  1112.9  4138.5  30330.9    30450  1775297426968  1775297437068
