#type       avg     std     min      p5     p10     p50     p67     p75     p80     p85     p90     p95     p99    p999   p9999      QPS   target       ts_start         ts_end
read      272.4   123.4   109.4   174.5   190.3   259.8   286.6   302.0   314.3   329.7   349.9   390.4   544.3  1829.3  4071.2   5014.0     5000  1777978867455  1777978869721
read      296.0   125.5    86.8   159.6   181.0   290.2   325.8   345.5   361.0   378.1   402.3   441.5   552.6  1075.0  5689.0  14935.5    15000  1777978871226  1777978873464
read      314.6   169.8    86.8   151.7   172.6   306.8   354.1   378.6   396.0   417.1   444.5   492.4   685.1  1171.6  5124.1  25131.5    25000  1777978874969  1777978877172
read      318.6   136.4    86.8   146.1   166.8   305.8   363.0   393.3   414.7   439.0   471.1   529.3   735.1  1139.2  3172.8  34961.0    35000  1777978878677  1777978880879
read      351.3   178.1    80.4   147.2   169.1   323.1   394.7   434.0   462.9   497.9   544.7   638.9   966.1  1665.2  2565.0  45147.5    45000  1777978882384  1777978884588
read      443.8   299.5    80.4   153.9   180.3   374.1   478.7   542.7   596.1   672.0   781.1   975.5  1522.2  2691.1  4876.2  54983.0    55000  1777978886093  1777978888301
read      951.0  1432.0    86.8   178.5   206.5   358.9   476.3   696.0  1120.6  1870.3  2926.0  4431.4  6609.2  8623.2 10820.8  63848.9    65000  1777978889807  1777978892010
read      980.9  1748.1    86.8   176.2   203.7   329.4   394.3   453.8   537.7  1207.8  3267.5  5937.6  7826.8  9356.8 10906.1  68614.0    75000  1777978893515  1777978895717
read     1021.7  1870.0    86.8   178.0   204.1   335.6   398.8   447.2   500.0   681.4  3843.5  6249.5  7850.2  9397.5 10917.8  66631.9    85000  1777978897221  1777978899424
read     1005.8  1776.3    80.4   180.2   208.5   335.7   408.1   475.8   562.7  1307.9  3373.9  6082.3  7764.6  9635.7 12376.0  67571.0    95000  1777978900928  1777978903134
read     1051.0  1740.6    86.8   188.6   217.1   367.8   456.2   548.8   807.3  1759.4  3488.4  5764.4  7700.4 10151.8 13790.9  64590.3   105000  1777978904640  1777978906841
read     1033.8  1743.2    86.8   185.9   214.2   357.0   441.2   533.4   756.9  1666.9  3385.1  5772.8  7711.5 10224.9 15220.9  65944.0   115000  1777978908347  1777978910552
read      976.4  1637.3    93.8   176.0   203.5   343.5   423.1   520.1   789.1  1513.0  3124.3  5407.3  7513.0  9271.2 10854.9  69242.5   125000  1777978912058  1777978914257
Warning! Detected max cpu usage > 95%
CPU Usage Stats (avg/min/max): 50.50%,1.00%,100.00%
