#type       avg     std     min      p5     p10     p50     p67     p75     p80     p85     p90     p95     p99    p999   p9999      QPS   target       ts_start         ts_end
read      263.5    98.9   109.4   173.7   189.1   256.1   282.9   296.9   308.4   320.0   339.0   369.7   448.5   751.4  5335.9   4959.5     5000  1777976005388  1777976007646
read      289.4   127.4    93.8   164.9   185.8   284.2   318.2   336.4   348.7   366.0   387.8   422.8   508.1   782.6  4070.2  15095.5    15000  1777976009151  1777976011392
read      292.1    96.1    86.8   149.4   167.4   290.3   332.5   355.0   371.1   390.5   414.3   452.5   535.3   768.2  1386.6  24932.0    25000  1777976012897  1777976015099
read      308.0   145.6    86.8   146.9   165.8   298.1   350.7   378.7   398.5   421.9   451.2   497.1   641.7  1199.4  6652.7  35173.2    35000  1777976016603  1777976018805
read      320.7   167.6    80.4   148.9   168.1   304.0   364.1   396.9   420.9   448.9   485.2   542.5   695.7  1335.1  3211.8  45232.5    45000  1777976020309  1777976022511
read      344.8   160.6    86.8   153.4   175.5   318.7   386.5   425.7   454.5   488.6   536.0   622.8   847.6  1276.3  3232.9  54897.5    55000  1777976024016  1777976026217
read      409.3   215.0    86.8   172.5   202.9   374.3   455.6   502.6   539.0   584.9   650.1   757.4  1010.4  1573.1  7554.4  64849.5    65000  1777976027722  1777976029924
read      944.7   423.6   137.8   632.5   686.5   835.2   896.4   939.7  1018.0  1339.0  1517.1  1645.2  1840.9  7197.4 13298.1  69449.8    75000  1777976031428  1777976033642
read      912.7   395.3   137.8   620.2   665.8   798.4   858.4   914.4  1007.9  1320.9  1465.1  1580.4  1745.1  7128.9  9529.3  72169.0    85000  1777976035146  1777976037347
read      955.9   429.1   148.8   671.2   711.4   841.2   896.6   935.5   999.8  1336.1  1535.1  1661.4  1853.0  7301.2 10072.7  69233.9    95000  1777976038851  1777976041059
read     1065.3   488.3   118.1   695.6   767.9   957.6  1018.7  1076.1  1138.4  1356.9  1662.6  1850.9  2094.5  7481.2 10224.2  62276.5   105000  1777976042564  1777976044764
read      990.5   423.7   109.4   703.5   750.6   876.2   927.5   966.7  1009.7  1332.9  1598.6  1724.6  1883.6  7263.1  8032.8  66766.0   115000  1777976046269  1777976048470
read      952.6   414.9   127.6   673.4   711.0   835.6   884.4   928.4   991.0  1387.4  1540.3  1656.9  1830.2  7242.2  9885.6  69348.0   125000  1777976049974  1777976052175
Warning! Detected max cpu usage > 95%
CPU Usage Stats (avg/min/max): 50.25%,0.50%,100.00%
