#type       avg     std     min      p5     p10     p50     p67     p75     p80     p85     p90     p95     p99    p999   p9999      QPS   target       ts_start         ts_end
read      242.4   117.7    93.8   159.1   173.8   232.3   258.7   272.9   284.0   296.0   314.5   347.2   433.3   687.1  8147.6   4935.5     5000  1777910923144  1777910925411
read      246.0    81.5    93.8   148.5   168.3   239.0   264.5   278.8   290.2   303.9   321.7   358.4   454.9   757.4  2880.2  15076.0    15000  1777910926918  1777910929171
read      256.0    90.9    86.8   142.2   159.9   252.1   282.0   298.3   311.4   326.3   346.5   382.5   469.6   674.3  2375.1  25052.0    25000  1777910930676  1777910932878
read      263.5   111.2    86.8   135.8   152.2   257.6   295.3   314.7   329.0   345.6   369.6   408.1   516.1   873.9  2707.9  34987.0    35000  1777910934384  1777910936587
read      256.3   100.1    80.4   130.6   145.7   250.9   292.4   312.9   327.2   343.8   367.4   403.7   505.8   698.1  2035.6  45167.0    45000  1777910938093  1777910940296
read      271.6   128.1    80.4   130.8   146.2   253.0   303.9   332.3   353.1   379.2   415.7   473.5   630.2   990.5  4395.4  55087.5    55000  1777910941802  1777910944007
read      261.1    99.5    80.4   128.3   143.2   249.5   299.5   324.6   342.0   363.2   390.5   433.2   557.3   713.7   907.5  65282.5    65000  1777910945512  1777910947713
read      264.5   128.8    80.4   129.7   144.8   247.4   299.1   326.1   344.8   367.1   395.8   442.9   591.2  1139.4  4069.9  75194.9    75000  1777910949218  1777910951418
read      264.3   120.7    80.4   129.9   145.8   249.4   299.4   326.0   344.4   366.5   394.6   438.1   572.2   882.3  4153.0  85003.0    85000  1777910952924  1777910955125
read      282.5   147.5    80.4   134.5   151.0   259.6   313.7   343.6   366.1   393.5   430.2   504.4   679.1  1186.0  4314.0  94430.7    95000  1777910956630  1777910958835
read      266.1   108.9    80.4   135.6   151.0   247.1   296.7   324.4   344.3   369.4   400.9   455.8   599.9   855.3  1944.7 105269.9   105000  1777910960339  1777910962542
read      286.1   136.3    80.4   140.3   158.2   265.0   315.6   344.3   366.6   393.7   430.5   500.5   677.3  1248.2  2533.0 114818.4   115000  1777910964048  1777910966252
read      348.7   188.2    80.4   156.2   178.5   310.9   376.2   419.3   454.9   502.1   570.1   675.8   890.1  1421.0  5268.1 124583.6   125000  1777910967757  1777910969960
Warning! Detected max cpu usage > 95%
CPU Usage Stats (avg/min/max): 50.25%,0.50%,100.00%
