#type       avg     std     min      p5     p10     p50     p67     p75     p80     p85     p90     p95     p99    p999   p9999      QPS   target       ts_start         ts_end
read      235.4    58.3   109.4   160.6   173.2   227.6   251.1   264.8   273.8   287.2   304.3   333.7   409.0   677.5  1100.7   4985.5     5000  1777927870497  1777927872767
read      274.0    81.6    93.8   162.5   181.0   271.2   303.4   319.8   332.4   345.5   364.7   393.4   457.0   684.3  2037.8  14969.5    15000  1777927874272  1777927876514
read      281.9    88.0    86.8   153.7   172.1   280.5   319.1   338.8   352.4   368.6   389.5   421.1   491.9   641.8  1960.9  25034.0    25000  1777927878017  1777927880218
read      286.6   106.8    80.4   147.0   164.2   282.4   330.4   354.4   370.7   389.8   412.2   445.1   508.5   684.9  4180.3  34988.0    35000  1777927881722  1777927883924
read      279.3   100.0    80.4   140.4   156.8   270.9   324.7   351.7   369.7   390.3   414.8   450.1   519.6   641.4  1080.3  44943.5    45000  1777927885428  1777927887628
read      277.9   105.0    80.4   137.7   153.2   264.3   323.4   353.3   373.5   396.7   424.3   462.5   535.8   638.5  1105.9  54687.5    55000  1777927889131  1777927891331
read      273.0   108.4    80.4   133.5   149.3   253.7   316.0   348.3   370.2   395.0   425.3   467.1   547.3   673.2  1259.0  65156.5    65000  1777927892835  1777927895035
read      269.2   110.1    74.4   131.6   147.0   249.4   309.2   341.3   363.8   389.4   420.2   464.2   551.5   744.7  1444.2  74771.3    75000  1777927896538  1777927898737
read      266.8   111.8    80.4   132.9   147.9   245.1   301.4   333.7   357.3   384.4   417.5   464.6   557.2   770.3  2289.3  84823.7    85000  1777927900242  1777927902440
read      288.2   148.8    74.4   137.5   154.6   267.4   322.7   353.5   375.2   401.8   436.7   495.2   661.1  1452.6  3224.7  95018.4    95000  1777927903945  1777927906147
read      306.9   149.0    80.4   142.9   161.2   278.8   341.5   377.2   403.7   436.9   484.1   562.0   759.1  1088.5  4046.6 104980.4   105000  1777927907651  1777927909852
read      377.8   193.2    74.4   163.3   189.9   345.1   417.7   460.6   494.2   537.2   601.4   719.8   924.4  1232.5  6271.0 114930.9   115000  1777927911356  1777927913557
read      429.1   252.7    80.4   154.2   179.2   375.3   475.1   532.5   583.5   670.3   802.7   942.1  1149.2  1452.3  4990.9 115453.9   125000  1777927915062  1777927917264
Warning! Detected max cpu usage > 95%
CPU Usage Stats (avg/min/max): 51.24%,2.49%,100.00%
