#type       avg     std     min      p5     p10     p50     p67     p75     p80     p85     p90     p95     p99    p999   p9999      QPS   target       ts_start         ts_end
read      261.5    83.0   101.3   173.6   188.3   253.3   279.4   294.0   305.5   318.4   336.7   365.8   445.4  1443.3  2018.0   4985.5     5000  1777976065315  1777976067570
read      297.9   137.0    93.8   163.5   184.9   284.8   318.7   338.9   353.7   371.5   398.5   452.8   751.4  1685.9  5234.4  14865.5    15000  1777976069074  1777976071328
read      297.0   106.6    86.8   152.7   171.7   295.5   337.2   359.6   374.5   394.2   417.8   452.9   543.4   815.4  3073.4  24946.0    25000  1777976072833  1777976075037
read      311.8   167.9    86.8   147.6   166.1   299.0   353.6   382.3   401.6   425.5   456.0   504.9   705.7  1692.1  6142.6  34965.5    35000  1777976076542  1777976078744
read      316.4   135.1    80.4   146.1   164.7   301.9   362.5   394.9   418.4   445.7   480.4   537.8   694.1  1044.9  3071.9  45088.0    45000  1777976080248  1777976082450
read      337.1   142.6    86.8   153.2   174.6   316.7   382.0   419.3   446.7   478.5   519.6   588.8   764.0  1090.4  1887.5  54631.5    55000  1777976083954  1777976086154
read      353.5   165.1    80.4   158.8   182.4   328.5   399.3   440.3   469.9   504.8   550.0   624.8   783.8  1046.4  6041.5  65068.5    65000  1777976087657  1777976089858
read      971.2   414.1   137.8   694.7   741.6   860.9   911.1   937.6   986.1  1240.8  1581.5  1704.7  1869.9  7219.2  9175.3  67509.7    75000  1777976091361  1777976093563
read      958.8   418.3   137.8   646.3   697.6   845.3   909.9   960.2  1041.2  1353.9  1530.4  1669.3  1865.3  7275.9  8111.7  68868.9    85000  1777976095067  1777976097270
read      976.4   425.4   137.8   686.1   723.9   858.4   916.7   956.3  1015.9  1397.0  1567.6  1694.4  1871.4  7303.4  9520.3  67703.1    95000  1777976098775  1777976100979
read     1011.2   454.9   127.6   641.7   713.5   899.4   969.8  1023.5  1138.2  1400.4  1608.4  1755.7  1999.4  7345.1  9664.1  65402.9   105000  1777976102484  1777976104690
read      885.8   385.1   160.7   613.8   653.3   776.2   829.1   865.9   931.0  1297.4  1431.3  1543.2  1710.7  7078.5  8851.8  74315.4   115000  1777976106194  1777976108399
read      993.9   429.5   160.7   698.4   740.6   874.8   929.6   975.1  1018.1  1395.9  1602.8  1732.4  1926.3  7248.3  9550.0  66653.5   125000  1777976109903  1777976112106
Warning! Detected max cpu usage > 95%
CPU Usage Stats (avg/min/max): 50.50%,1.00%,100.00%
