#type       avg     std     min      p5     p10     p50     p67     p75     p80     p85     p90     p95     p99    p999   p9999      QPS   target       ts_start         ts_end
read      265.9    75.8   101.3   177.6   193.1   258.3   283.7   297.4   309.2   321.1   341.7   373.9   461.0  1099.7  1616.6   5012.5     5000  1777978808458  1777978810718
read      275.3    80.4    93.8   164.2   184.7   271.2   301.0   317.4   329.8   343.5   363.4   395.5   474.2   838.3  2376.0  14992.5    15000  1777978812222  1777978814467
read      291.4   140.5    86.8   153.0   172.3   283.5   321.3   341.5   356.9   374.4   399.8   446.2   599.9  1310.6  6980.1  24944.0    25000  1777978815971  1777978818180
read      286.0   111.6    93.8   146.0   162.7   282.2   324.2   345.9   361.9   379.5   402.5   441.6   564.5  1092.1  2826.7  34982.1    35000  1777978819685  1777978821886
read      287.5   113.1    80.4   141.8   158.0   279.5   329.3   354.1   371.5   393.0   420.7   465.0   615.0  1034.3  1700.8  45263.5    45000  1777978823392  1777978825594
read      284.9   126.3    80.4   138.9   154.0   271.0   324.8   352.6   372.4   395.5   425.8   472.0   634.6  1176.2  2704.9  54836.9    55000  1777978827100  1777978829301
read      312.7   168.8    86.8   144.0   161.3   287.6   344.0   375.1   398.1   427.7   469.2   556.7   915.7  1678.6  2774.8  64914.9    65000  1777978830807  1777978833015
read      361.8   250.0    86.8   150.8   171.8   311.4   376.1   416.1   448.6   493.8   567.6   741.5  1356.1  2629.3  5211.5  74954.4    75000  1777978834521  1777978836723
read      306.8   138.4    80.4   146.6   165.0   288.7   344.5   375.3   398.2   426.1   463.4   529.0   715.4  1094.1  3772.6  84914.9    85000  1777978838228  1777978840430
read      343.3   179.1    86.8   154.7   175.9   309.2   373.4   413.3   444.7   484.6   542.5   656.5   944.4  1264.7  4337.8  94571.0    95000  1777978841935  1777978844138
read      362.5   167.6    86.8   167.9   194.2   336.9   400.6   439.1   469.0   506.1   555.7   643.0   832.3  1169.0  2975.7 105010.3   105000  1777978845642  1777978847846
read      583.9   310.5    93.8   230.0   279.1   527.0   640.2   715.4   775.4   853.6   957.6  1117.7  1543.9  2921.7  7011.8 103647.5   115000  1777978849350  1777978851551
read      526.9   272.2    93.8   207.4   247.2   481.6   583.8   642.1   692.1   770.9   894.9  1053.5  1289.3  1717.1  7160.2 109400.9   125000  1777978853056  1777978855261
Warning! Detected max cpu usage > 95%
CPU Usage Stats (avg/min/max): 50.25%,0.50%,100.00%
