#type       avg     std     min      p5     p10     p50     p67     p75     p80     p85     p90     p95     p99    p999   p9999      QPS   target       ts_start         ts_end
read      276.9   105.5   109.4   178.5   195.0   263.1   290.5   306.4   317.6   334.2   357.4   400.1   596.0  1749.9  2994.0   4974.0     5000  1777978986143  1777978988413
read      284.4    98.3   101.3   166.7   187.4   276.0   306.7   323.3   336.9   352.8   374.3   417.6   568.9  1272.2  2244.0  14978.0    15000  1777978989918  1777978992158
read      292.8   116.8    93.8   159.1   178.5   283.8   319.7   338.9   352.8   370.2   395.5   439.3   677.3  1377.3  2985.9  25154.5    25000  1777978993662  1777978995869
read      288.3   145.5    86.8   150.1   166.9   280.3   320.9   342.0   357.4   374.2   398.8   436.9   604.4  1948.1  5836.6  34938.5    35000  1777978997373  1777978999577
read      284.1   118.3    86.8   143.3   160.4   278.7   322.9   344.7   361.0   379.1   403.5   449.9   593.6  1003.4  2375.5  45017.0    45000  1777979001081  1777979003286
read      281.7   117.5    86.8   141.3   157.3   273.6   321.0   344.9   362.4   382.1   406.9   450.9   603.1  1149.3  2120.8  54841.4    55000  1777979004791  1777979006992
read      286.7   131.6    80.4   142.0   157.7   269.5   320.7   347.0   366.5   389.4   420.2   478.4   749.2  1292.2  2500.5  65149.2    65000  1777979008496  1777979010697
read      279.3   138.5    86.8   138.1   152.6   260.0   313.9   341.7   362.0   385.9   417.9   473.8   689.5  1165.0  3362.7  74950.0    75000  1777979012202  1777979014406
read      299.0   180.2    86.8   142.4   158.8   272.8   325.8   354.9   375.3   402.0   440.3   521.4   867.8  2101.1  5317.8  85400.4    85000  1777979015911  1777979018111
read      276.6   130.9    80.4   141.1   156.6   261.0   311.3   338.0   357.4   379.8   408.9   459.7   605.4   987.5  2188.0  95360.4    95000  1777979019616  1777979021815
read      328.5   217.5    86.8   147.0   164.8   283.9   342.7   379.1   408.7   450.3   513.1   647.0  1143.1  2472.0  4661.1 105004.9   105000  1777979023319  1777979025525
read      389.1   214.7    86.8   164.8   189.0   336.3   418.2   474.3   521.7   583.0   666.7   792.5  1057.4  1521.2  5195.2 114358.4   115000  1777979027030  1777979029234
read      362.5   188.0    80.4   163.0   186.2   323.6   392.8   437.3   475.6   525.0   592.2   700.0   919.4  1278.1  3922.1 124954.4   125000  1777979030737  1777979032942
Warning! Detected max cpu usage > 95%
CPU Usage Stats (avg/min/max): 50.25%,0.50%,100.00%
