#type       avg     std     min      p5     p10     p50     p67     p75     p80     p85     p90     p95     p99    p999   p9999      QPS   target       ts_start         ts_end
read      246.4    81.9   109.4   163.1   176.6   235.8   262.2   276.7   288.4   302.0   322.1   358.8   436.2   834.8  2992.9   4996.5     5000  1777911285349  1777911287616
read      246.4   108.7    93.8   149.3   167.5   240.2   264.3   277.6   289.2   302.8   321.0   357.6   438.5   855.8  5535.4  15049.0    15000  1777911289123  1777911291366
read      253.5    93.1    86.8   139.9   157.1   250.8   280.0   296.2   309.1   323.0   343.1   372.7   460.1   660.8  2999.3  24862.9    25000  1777911292873  1777911295076
read      260.4    93.1    86.8   134.8   151.3   258.5   293.6   312.5   325.8   342.0   364.5   399.6   494.6   775.8  2562.6  35084.5    35000  1777911296581  1777911298790
read      262.6   120.5    80.4   132.8   148.0   257.2   297.8   318.2   333.3   350.0   372.1   408.9   511.5  1399.6  4087.3  44758.7    45000  1777911300296  1777911302502
read      261.8   101.1    80.4   129.2   144.1   254.0   300.9   323.8   340.2   360.3   386.1   427.3   535.5   778.9  1885.9  55000.0    55000  1777911304008  1777911306212
read      261.4   101.4    80.4   128.0   143.1   250.9   301.4   326.7   343.9   364.6   390.9   430.9   534.6   756.1  1233.7  65242.5    65000  1777911307715  1777911309916
read      255.2   102.3    80.4   127.7   141.7   241.8   292.3   318.1   336.3   357.1   383.3   424.2   523.5   777.9  1746.1  75029.0    75000  1777911311421  1777911313620
read      261.3   110.6    80.4   128.9   143.6   244.5   296.4   324.7   344.3   367.3   396.2   440.8   572.4   926.5  2006.5  85055.5    85000  1777911315125  1777911317328
read      269.9   132.6    80.4   133.4   149.3   251.7   301.8   329.2   348.9   372.1   401.9   453.4   613.2  1243.4  4136.6  95017.0    95000  1777911318834  1777911321041
read      275.5   108.5    80.4   137.7   154.5   260.8   309.3   335.9   355.4   378.6   410.0   462.6   605.3   856.3  1720.6 104964.9   105000  1777911322546  1777911324752
read      291.2   127.9    80.4   142.7   161.0   271.3   322.0   350.9   372.4   399.2   435.4   503.7   691.8  1175.0  2438.6 115041.5   115000  1777911326257  1777911328460
read      383.6   198.1    86.8   170.3   198.0   346.7   418.0   464.2   501.4   547.3   613.3   719.2   953.1  1401.0  6522.0 124703.1   125000  1777911329966  1777911332178
Warning! Detected max cpu usage > 95%
CPU Usage Stats (avg/min/max): 50.50%,1.00%,100.00%
