#type       avg     std     min      p5     p10     p50     p67     p75     p80     p85     p90     p95     p99    p999   p9999      QPS   target       ts_start         ts_end
read      245.7    76.8   101.3   161.5   176.1   236.9   261.4   274.3   285.8   298.1   318.2   355.8   444.9   822.6  2997.8   4894.0     5000  1777911164717  1777911166981
read      262.9    85.7    86.8   148.7   168.9   258.1   289.1   306.8   318.8   335.7   357.0   389.8   466.4   809.4  2994.6  14961.0    15000  1777911168487  1777911170732
read      287.8   100.4    80.4   139.5   160.8   282.5   326.6   349.5   366.3   385.9   410.1   450.4   558.7   748.0  1891.4  24817.5    25000  1777911172237  1777911174439
read      303.8   120.6    80.4   132.9   152.6   294.5   349.2   378.8   399.6   424.7   458.4   519.5   630.2   849.5  1463.8  35008.0    35000  1777911175946  1777911178146
read      310.4   153.1    80.4   130.9   149.1   291.4   358.0   392.6   416.6   445.1   489.3   558.5   685.8  1172.2  4180.8  44940.0    45000  1777911179650  1777911181858
read      364.4   205.8    74.4   133.1   154.2   321.7   412.5   466.8   513.2   561.2   621.2   719.4  1020.0  1580.7  3228.5  55303.0    55000  1777911183365  1777911185567
read      600.0   732.0    80.4   148.3   170.8   336.7   502.0   648.4   777.9   970.3  1294.7  2024.5  3700.9  7571.0  9108.3  65124.8    65000  1777911187073  1777911189277
read     1051.6  1911.3    80.4   185.2   209.5   343.2   421.2   471.5   520.2   686.6  4442.5  6291.7  7803.5  9899.2 12183.2  64775.5    75000  1777911190781  1777911192983
read      918.8  1757.4    80.4   163.2   186.5   305.9   356.9   393.2   430.0   547.5  3232.5  6088.7  7539.7  9445.1 11782.8  73883.0    85000  1777911194488  1777911196692
read      928.7  1754.5    80.4   167.5   190.8   293.9   365.9   430.2   495.1   672.4  3215.0  6033.7  7771.6 10243.3 12843.5  73022.4    95000  1777911198200  1777911200404
read     1027.9  1887.0    74.4   183.0   206.6   334.2   409.4   460.2   507.2   638.5  4255.0  6273.5  7684.0  9674.9 12283.3  66526.9   105000  1777911201910  1777911204113
read      989.8  1827.7    86.8   175.0   199.7   324.1   391.0   437.7   485.9   627.8  3900.1  6184.9  7605.3  9420.1 10975.8  69006.5   115000  1777911205618  1777911207822
read      972.7  1861.3    86.8   168.3   195.4   303.8   368.0   423.4   479.8   581.6  3539.4  6222.3  7787.2 10081.7 12620.4  70438.4   125000  1777911209327  1777911211529
Warning! Detected max cpu usage > 95%
CPU Usage Stats (avg/min/max): 50.50%,1.01%,100.00%
