#type       avg     std     min      p5     p10     p50     p67     p75     p80     p85     p90     p95     p99    p999   p9999      QPS   target       ts_start         ts_end
read      233.7    99.6   101.3   154.2   166.7   223.2   248.6   262.9   272.7   286.1   303.8   336.8   427.4   785.6  5993.2   4888.5     5000  1777927615185  1777927617445
read      287.4   135.6    86.8   156.3   176.8   282.1   319.4   340.0   354.9   371.8   394.4   426.9   503.8   712.8  7400.6  14858.5    15000  1777927618949  1777927621183
read      297.7   101.2    86.8   149.3   167.7   295.2   343.2   367.7   384.7   403.0   428.0   462.7   537.6   675.8  1352.1  24980.5    25000  1777927622687  1777927624884
read      293.3   112.4    80.4   142.3   159.7   285.0   341.3   369.5   388.9   410.3   436.3   476.6   549.0   670.3  2383.9  34573.0    35000  1777927626388  1777927628589
read      302.6   121.8    80.4   141.0   158.5   287.0   353.5   388.0   411.4   437.9   469.5   515.6   601.2   723.2  1681.1  45039.5    45000  1777927630093  1777927632290
read      311.7   136.7    80.4   141.4   160.1   292.1   362.5   400.0   426.2   455.5   491.1   541.1   637.0   793.4  2829.9  54692.4    55000  1777927633794  1777927635995
read      327.1   139.7    80.4   148.6   169.7   305.3   372.5   412.6   440.9   473.5   515.0   573.6   690.5   866.4  2491.0  64834.5    65000  1777927637499  1777927639696
read      327.7   153.4    80.4   148.6   170.2   302.2   372.2   413.4   443.3   477.4   520.6   580.0   699.9   881.9  5231.7  74996.0    75000  1777927641200  1777927643400
read      897.2   389.2   127.6   641.1   671.0   786.0   835.2   865.6   916.8  1311.8  1458.4  1565.8  1715.9  7193.4  8077.2  73360.4    85000  1777927644904  1777927647101
read      871.8   363.4   148.8   627.2   657.9   768.3   808.0   848.2   875.7  1258.5  1420.6  1527.7  1673.4  7030.0  8614.6  75396.5    95000  1777927648605  1777927650802
read      861.7   372.2   255.0   618.5   651.7   756.8   797.7   832.0   866.4  1254.0  1408.9  1500.1  1614.5  7087.7  9562.7  76356.5   105000  1777927652306  1777927654504
read      883.4   386.2   127.6   626.0   657.9   773.1   818.0   855.8   902.6  1304.1  1436.1  1542.3  1690.4  7191.9  8641.4  74572.5   115000  1777927656008  1777927658206
read      932.3   410.8   173.5   667.8   702.3   817.5   863.6   903.1   937.4  1355.2  1516.1  1618.0  1769.6  7249.9  9372.8  71003.2   125000  1777927659711  1777927661913
Warning! Detected max cpu usage > 95%
CPU Usage Stats (avg/min/max): 52.50%,5.00%,100.00%
