#type       avg     std     min      p5     p10     p50     p67     p75     p80     p85     p90     p95     p99    p999   p9999      QPS   target       ts_start         ts_end
read      239.5   103.5   101.3   159.0   171.6   228.6   253.7   268.6   279.3   293.2   313.0   345.9   431.2   887.5  6989.2   4900.0     5000  1777928122867  1777928125138
read      263.5    75.5    86.8   156.1   174.1   259.6   291.1   308.4   320.0   335.5   354.4   385.2   455.2   650.2  1018.8  15006.0    15000  1777928126642  1777928128883
read      276.6    85.7    80.4   150.3   168.2   273.8   312.6   333.4   347.4   364.5   385.5   418.0   485.3   612.1  1886.9  24874.0    25000  1777928130387  1777928132586
read      277.5    99.5    80.4   141.9   159.6   275.3   318.5   341.0   357.2   374.9   397.4   429.5   498.6   607.5  1100.2  35057.5    35000  1777928134090  1777928136288
read      271.4   125.7    80.4   135.6   151.3   264.5   312.3   336.4   353.5   373.0   398.1   434.4   506.4   642.2  6222.6  44983.7    45000  1777928137792  1777928139991
read      271.1   108.4    80.4   133.6   149.4   260.5   315.5   342.6   361.4   382.3   406.9   444.5   519.9   654.4  2226.7  55406.4    55000  1777928141495  1777928143701
read      265.2   124.9    74.4   131.9   146.4   250.3   306.6   334.8   354.3   376.1   402.9   443.3   524.5   701.3  1977.9  65368.5    65000  1777928145206  1777928147406
read      259.1   105.5    74.4   127.3   141.3   240.4   297.7   327.4   347.9   372.2   402.4   448.7   544.3   706.6  1178.3  75185.5    75000  1777928148910  1777928151111
read      257.0   106.8    80.4   127.6   142.0   238.4   295.2   324.8   344.7   367.7   396.1   437.5   531.1   725.1  2235.5  84918.6    85000  1777928152615  1777928154814
read      251.1   106.9    80.4   127.6   141.4   231.7   285.7   315.3   335.8   358.8   386.7   428.0   511.7   687.1  2570.2  94892.9    95000  1777928156318  1777928158516
read      259.1   100.9    80.4   132.2   147.2   240.8   294.2   323.4   343.8   367.4   395.9   437.2   529.1   690.3  1218.1 104436.0   105000  1777928160020  1777928162220
read      256.8    98.2    80.4   134.2   149.2   239.3   289.0   316.8   336.8   359.9   388.5   429.8   521.2   703.9  1901.4 114863.9   115000  1777928163724  1777928165926
read      247.8    96.9    74.4   130.2   144.4   229.8   277.4   305.3   324.6   347.0   374.9   418.1   507.4   723.1  1539.0 124498.9   125000  1777928167430  1777928169630
Warning! Detected max cpu usage > 95%
CPU Usage Stats (avg/min/max): 50.50%,1.01%,100.00%
