#type       avg     std     min      p5     p10     p50     p67     p75     p80     p85     p90     p95     p99    p999   p9999      QPS   target       ts_start         ts_end
read      272.5   132.9   109.4   174.9   190.9   259.1   286.3   300.8   312.9   326.9   344.8   381.9   565.1  1951.3  5334.8   4984.5     5000  1777978630046  1777978632302
read      290.2    87.2    93.8   164.6   185.7   287.5   320.6   338.5   351.0   367.5   389.4   424.1   507.5   909.3  1817.1  14928.5    15000  1777978633807  1777978636058
read      313.2   152.9    86.8   155.1   174.5   302.9   348.4   372.6   390.5   410.5   436.9   487.3   738.6  1732.7  4396.4  25075.0    25000  1777978637562  1777978639762
read      312.1   141.4    86.8   147.1   165.7   302.5   357.3   385.9   404.9   429.1   459.4   505.1   657.6  1366.9  5681.4  35193.7    35000  1777978641266  1777978643467
read      339.5   167.5    86.8   151.1   172.6   321.8   384.2   418.8   443.8   472.6   511.2   580.9   820.9  1350.0  3052.6  44999.0    45000  1777978644972  1777978647179
read      387.6   227.7    80.4   160.4   184.8   346.9   422.0   465.4   498.8   541.4   611.9   747.5  1198.6  2063.3  3651.0  54913.5    55000  1777978648684  1777978650884
read      409.9   201.1    86.8   167.4   197.7   372.7   456.8   505.8   543.4   591.5   662.2   778.1  1068.0  1606.0  2881.9  64999.0    65000  1777978652388  1777978654590
read      922.6   427.7   127.6   567.3   642.5   809.7   881.8   972.9  1121.8  1323.3  1468.7  1592.9  1826.2  7078.1 13501.3  70834.5    75000  1777978656096  1777978658298
read      963.6   421.6   137.8   658.7   708.4   850.8   908.2   941.7  1012.1  1342.5  1544.6  1678.8  1860.5  7236.2  9125.2  68567.5    85000  1777978659803  1777978662003
read      921.2   409.8   109.4   600.1   653.2   805.5   869.7   938.6  1101.0  1339.2  1467.8  1586.3  1769.3  7198.1  9637.2  71486.0    95000  1777978663507  1777978665710
read      920.3   411.1   127.6   614.4   666.4   807.1   862.5   914.4  1001.5  1321.1  1481.7  1598.3  1775.8  7149.9  8028.0  71590.9   105000  1777978667215  1777978669416
read      949.4   447.9   109.4   600.3   664.3   833.4   903.8   972.6  1127.2  1371.5  1514.3  1643.1  1872.2  7233.6 14285.1  69457.8   115000  1777978670920  1777978673124
read      997.0   433.8   187.4   688.4   735.2   881.8   937.7   991.2  1057.7  1391.3  1598.3  1726.0  1904.6  7296.9  9478.7  66367.2   125000  1777978674629  1777978676830
Warning! Detected max cpu usage > 95%
CPU Usage Stats (avg/min/max): 50.00%,0.00%,100.00%
