#type       avg     std     min      p5     p10     p50     p67     p75     p80     p85     p90     p95     p99    p999   p9999      QPS   target       ts_start         ts_end
read      238.6    69.9   101.3   161.1   173.2   230.5   254.2   267.9   277.1   290.5   308.2   340.3   422.1   759.2  3236.6   4914.5     5000  1777911224901  1777911227161
read      248.6    74.5    86.8   149.4   169.1   243.6   269.3   284.6   295.5   309.9   327.8   359.2   431.4   614.4  1886.1  14988.0    15000  1777911228667  1777911230915
read      262.6    85.7    86.8   140.1   159.2   260.8   292.9   310.5   322.2   338.6   359.3   391.7   466.6   727.1  2037.8  24969.5    25000  1777911232419  1777911234630
read      274.8   116.6    80.4   135.3   152.6   268.9   310.7   332.7   347.7   367.5   393.2   433.8   550.2   918.5  4794.6  35213.0    35000  1777911236134  1777911238338
read      265.6   104.2    80.4   129.8   144.9   259.3   303.8   327.2   344.0   364.7   391.1   431.8   533.7   726.8  2040.6  44884.5    45000  1777911239843  1777911242048
read      275.2   123.3    80.4   128.1   143.4   263.8   314.2   340.9   361.0   385.3   418.2   470.8   613.8   804.3  2199.4  55012.0    55000  1777911243554  1777911245756
read      280.8   150.9    80.4   128.8   143.4   260.3   316.0   346.5   370.1   399.0   438.5   514.1   667.7   976.4  4164.8  64978.9    65000  1777911247260  1777911249461
read      294.6   148.7    74.4   128.7   144.5   265.3   324.8   360.3   388.6   425.9   483.4   585.4   784.5  1100.1  1615.9  75212.5    75000  1777911250966  1777911253168
read      308.3   178.9    80.4   130.9   147.4   265.2   328.6   369.0   401.7   447.2   524.5   651.3   952.5  1512.1  2155.5  84948.3    85000  1777911254673  1777911256879
read      405.9   430.9    86.8   144.9   166.4   299.3   370.7   424.9   472.9   551.5   679.1   980.9  2587.6  4396.3  7983.6  94515.3    95000  1777911258385  1777911260588
read      494.6   636.3    86.8   159.6   184.0   320.3   395.8   450.3   498.5   574.6   790.4  1729.6  3352.3  7296.7  9076.4 104655.4   105000  1777911262094  1777911264297
read      615.9   807.3    93.8   205.9   237.1   403.0   491.4   542.1   583.3   641.5   804.2  2559.5  3815.7  7696.2  8638.9 105810.7   115000  1777911265802  1777911268006
read      601.4   827.3    86.8   198.9   229.0   384.7   465.0   518.2   561.1   621.4   736.8  2734.6  3865.5  7748.9  9309.1 109670.4   125000  1777911269511  1777911271714
Warning! Detected max cpu usage > 95%
CPU Usage Stats (avg/min/max): 50.75%,1.51%,100.00%
