#type       avg     std     min      p5     p10     p50     p67     p75     p80     p85     p90     p95     p99    p999   p9999      QPS   target       ts_start         ts_end
read      243.5   106.2    93.8   159.1   171.6   233.8   260.7   274.6   286.3   298.8   317.6   348.0   427.1   695.9  5986.8   4955.5     5000  1777927806543  1777927808794
read      279.6    95.9    93.8   154.1   173.6   274.3   312.3   333.1   347.1   365.5   387.7   420.5   494.3   667.6  3151.9  15027.0    15000  1777927810298  1777927812535
read      301.3   136.9    80.4   145.3   165.2   297.6   347.7   372.6   390.2   409.3   433.0   468.6   546.1   693.2  6242.6  25110.5    25000  1777927814039  1777927816240
read      305.5   121.4    80.4   137.6   156.9   295.9   359.2   391.3   412.9   436.5   465.6   507.7   589.0   691.7  1495.4  35077.0    35000  1777927817744  1777927819948
read      308.8   133.7    74.4   133.3   151.8   293.6   362.5   399.3   424.6   452.9   487.1   534.7   626.6   800.1  2995.7  44755.5    45000  1777927821452  1777927823652
read      312.7   144.4    74.4   131.2   148.4   288.7   366.0   410.0   440.2   472.3   512.4   570.4   687.2   856.8  1102.1  54903.0    55000  1777927825155  1777927827358
read      328.3   167.5    74.4   134.3   151.8   286.6   377.5   435.0   473.0   515.2   563.3   637.5   795.1  1097.4  1547.0  64597.5    65000  1777927828861  1777927831063
read      391.8   303.9    80.4   139.9   159.1   295.6   399.2   490.2   553.3   630.9   734.7   929.9  1474.2  2561.0  7351.6  74765.0    75000  1777927832567  1777927834767
read      919.3  1202.1    86.8   255.5   280.2   424.8   583.6   653.1   708.6  2343.7  3388.5  3594.5  3907.9  8028.4  9868.4  73172.5    85000  1777927836271  1777927838472
read      834.1  1151.5    93.8   223.3   246.4   411.9   519.2   568.5   609.2   691.7  3339.0  3550.4  3758.4  7998.0  9547.8  80350.2    95000  1777927839975  1777927842174
read      883.4  1189.7   101.3   241.1   265.3   412.7   559.1   617.9   664.6   794.1  3375.7  3589.4  3930.6  8018.0  9706.7  76145.5   105000  1777927843678  1777927845877
read      891.2  1194.1   109.4   242.5   267.7   418.4   565.7   622.4   669.4   856.9  3381.6  3592.2  3906.3  8075.7 10169.5  75295.5   115000  1777927847382  1777927849584
read      861.1  1181.0   101.3   237.3   259.9   389.8   546.0   604.3   643.6   741.2  3360.3  3564.4  3765.7  8052.1 10163.2  78596.5   125000  1777927851088  1777927853288
Warning! Detected max cpu usage > 95%
CPU Usage Stats (avg/min/max): 51.26%,2.51%,100.00%
