Random waveform, supplied seed
Total number of intervals = 120 (6927, 52892, 98921, 61129, 40613, 53226, 38560, 103465, 104758, 94759, 37799, 8296, 69443, 12517, 43591, 20430, 93758, 10485, 16518, 83230, 5484, 55611, 20774, 96726, 32442, 73039, 74055, 51197, 59442, 35654, 78747, 42212, 52488, 36950, 16762, 79473, 61431, 87172, 108181, 80515, 37149, 13444, 72057, 70041, 90162, 52082, 24258, 72013, 58012, 45398, 50177, 34504, 66010, 73937, 55020, 53235, 97743, 5419, 14764, 7451, 48208, 16149, 78989, 18886, 75954, 44409, 16431, 85707, 58253, 103867, 21604, 90401, 84467, 99700, 32052, 18173, 67789, 51929, 83850, 18614, 29315, 108090, 27024, 49907, 9150, 34328, 51881, 14569, 81517, 78694, 93409, 39093, 18729, 70818, 21942, 91810, 39588, 40957, 62645, 15539, 107672, 32954, 58866, 23739, 54701, 60706, 72350, 58661, 34912, 103268, 38703, 83358, 57408, 86837, 33517, 66204, 73758, 99742, 109462, 94453)
Average QPS expected = 55318
Timestamp start: 1775302713708
Timestamp end: 1775304514008

#type       avg     std     min      p5     p10     p50     p67     p75     p80     p85     p90     p95     p99    p999   p9999      QPS   target
read      249.7    82.9   101.3   164.2   177.8   240.5   267.6   282.9   293.7   307.9   325.9   358.2   434.8   857.0  3339.6   6891.8     6927
read      289.5   141.2    80.4   132.3   147.5   264.8   330.7   369.1   395.1   424.0   459.3   510.9   640.0  1352.3  3072.9  52866.9    52892
read      325.5   328.1    74.4   133.2   148.5   250.2   310.2   351.4   387.5   437.4   524.9   716.3  1629.6  3680.8  7824.5  98822.5    98921
read      266.3   114.6    80.4   129.9   144.0   247.3   301.2   333.3   356.8   384.3   417.9   465.4   569.8   764.3  2101.1  61141.2    61129
read      270.3   107.9    80.4   137.9   153.5   260.9   307.4   333.2   351.4   372.8   399.2   436.3   510.1   670.7  2949.0  40658.5    40613
read      267.5   110.5    74.4   131.8   146.4   252.2   304.3   334.4   356.1   381.3   411.9   456.6   545.0   713.0  2032.7  53158.3    53226
read      280.4   113.5    80.4   138.5   154.6   267.0   320.7   350.8   371.7   395.0   423.1   463.2   544.6   776.5  2746.7  38553.2    38560
read      363.9   418.3    80.4   137.2   153.3   259.6   320.3   363.2   399.8   458.0   579.7   945.3  2421.3  4136.2  7961.3 103451.0   103465
read      307.3   236.3    80.4   133.9   149.1   246.1   303.7   343.0   376.6   425.4   511.2   700.0  1243.8  2404.4  5785.8 104733.7   104758
read      291.6   193.2    80.4   131.7   146.3   243.8   301.8   340.7   372.3   415.6   484.1   618.6   943.2  1869.3  4642.8  94759.8    94759
read      281.2   113.5    80.4   138.9   155.1   267.9   321.6   351.5   372.1   395.3   423.3   463.1   546.6   816.0  2848.8  37828.7    37799
read      263.9    87.3    93.8   162.4   177.4   253.6   287.1   306.3   319.9   337.8   360.4   394.4   468.1   862.0  2467.6   8366.9     8296
read      448.3   825.3    80.4   132.1   147.9   253.3   319.2   369.6   408.4   458.0   536.7  1372.3  4819.4  7999.8  9439.2  69328.7    69443
read      277.6   104.1    86.8   161.0   177.9   266.0   305.4   328.2   344.5   364.5   389.0   424.7   500.1   952.8  2786.7  12525.5    12517
read      303.9   143.4    80.4   137.1   153.8   278.5   348.3   385.6   410.6   439.4   478.0   543.0   690.7  1127.8  2946.3  43535.5    43591
read      310.4   124.6    80.4   154.9   175.5   296.4   356.4   386.4   405.8   428.9   457.4   499.8   591.9  1020.4  2709.4  20467.7    20430
read      370.4   524.8    80.4   133.7   149.5   254.4   314.0   355.2   390.6   440.9   536.7   872.5  2967.8  6805.5  8743.0  93631.1    93758
read      270.4    99.5    86.8   162.1   178.0   259.3   294.9   316.1   331.9   349.9   373.0   408.0   486.4   865.5  3163.4  10482.6    10485
read      301.3   111.4    86.8   158.6   178.1   288.7   342.8   370.5   389.4   410.0   435.3   473.8   562.2   864.6  2544.7  16518.3    16518
read      358.1   608.9    80.4   131.4   146.4   251.2   310.9   350.8   383.7   426.4   491.7   641.1  3247.3  8400.9 10112.1  83180.0    83230
read      248.0    95.2    93.8   161.9   175.1   236.3   264.1   279.5   291.7   306.9   326.8   360.8   445.5   926.8  3333.5   5477.3     5484
read      298.7   158.0    80.4   131.5   146.7   267.7   339.2   379.4   406.6   437.9   479.1   547.1   761.7  1421.2  3049.4  55547.3    55611
read      296.1   138.6    80.4   150.3   170.4   282.8   334.5   362.2   381.2   401.9   429.0   468.1   562.4  1214.7  5743.6  20771.0    20774
read      425.4   718.0    80.4   133.5   150.0   253.3   306.6   343.9   378.6   434.5   563.7  1423.5  3869.0  7818.8  9721.2  96750.2    96726
read      266.6   103.6    80.4   137.5   153.3   257.8   302.2   326.9   344.0   364.4   389.2   425.6   501.4   705.3  2846.8  32439.0    32442
read      274.2   148.6    80.4   126.0   139.7   244.0   306.1   344.9   373.1   405.0   445.8   506.3   657.1  1446.3  3838.5  72913.8    73039
read      263.6   119.2    80.4   127.4   140.9   239.6   294.5   328.0   352.9   383.3   422.0   480.4   610.7   819.3  1971.8  74023.9    74055
read      265.9   107.7    80.4   131.0   145.7   252.0   303.4   332.5   353.2   377.3   406.4   450.0   538.6   686.8  1985.4  51227.9    51197
read      264.0   115.1    80.4   128.9   143.0   246.2   299.2   330.3   352.8   379.2   411.6   458.6   557.0   736.0  2183.3  59485.4    59442
read      272.5   111.4    80.4   136.9   152.9   262.5   311.7   338.4   357.3   378.2   403.1   439.7   510.9   692.3  2670.0  35651.1    35654
read      270.0   146.8    74.4   126.8   140.3   239.9   297.6   334.6   362.3   395.1   436.5   503.6   663.5  1319.0  4127.4  78706.3    78747
read      266.3   107.5    80.4   134.1   149.5   256.3   303.2   329.3   347.5   369.6   396.4   434.4   510.5   673.4  3046.1  42217.1    42212
read      261.2   106.2    80.4   129.2   143.2   248.1   297.3   325.5   345.4   369.4   398.9   441.9   534.7   728.8  1673.7  52488.3    52488
read      265.9   106.5    74.4   133.4   148.9   256.3   303.7   330.2   348.2   369.4   395.0   431.7   506.5   688.4  1975.1  37001.4    36950
read      275.9   100.8    80.4   149.3   167.4   264.5   308.3   333.3   350.7   371.1   396.5   433.2   509.4   825.5  2563.2  16694.1    16762
read      426.7   798.5    74.4   130.6   146.0   248.6   303.2   342.1   375.4   422.3   501.4  1337.4  4590.2  8113.0 10225.8  79410.7    79473
read      265.4   117.2    80.4   129.0   142.8   246.3   300.2   332.2   355.5   382.7   416.4   465.5   573.4   759.2  2497.4  61518.5    61431
read      267.4   140.9    74.4   126.6   140.0   235.2   291.6   327.1   354.5   388.9   434.9   513.7   705.1  1107.1  2647.5  87095.6    87172
read      326.7   290.8    74.4   135.9   151.8   254.1   314.0   354.7   389.6   439.5   534.9   763.1  1555.4  3100.4  7439.2 108201.6   108181
read      266.7   130.5    74.4   126.9   140.2   237.8   294.6   329.7   356.6   389.3   431.6   501.4   667.6  1020.3  2492.2  80520.3    80515
read      272.2   106.8    80.4   135.9   151.9   261.1   311.5   338.8   358.2   380.0   405.7   445.1   521.9   688.8  2013.3  37247.4    37149
read      273.4   108.5    80.4   151.3   168.4   262.1   303.3   326.6   343.2   363.5   388.8   427.3   507.6   846.7  3429.3  13426.7    13444
read      439.0   822.3    80.4   128.1   143.4   250.4   314.3   361.2   397.0   441.4   509.4  1331.2  4865.4  7965.5  9910.7  72015.7    72057
read      279.4   154.2    74.4   124.9   138.7   248.0   316.4   358.3   387.0   418.6   457.4   516.1   664.4  1431.4  4044.8  70141.3    70041
read      276.7   166.2    80.4   128.2   141.9   237.8   295.9   333.5   363.1   400.1   453.4   546.8   797.8  1663.5  4250.2  90192.5    90162
read      265.9   108.6    74.4   131.1   145.7   251.4   303.3   332.8   354.0   378.3   407.5   451.9   539.8   686.6  2285.1  52101.7    52082
read      293.5   112.4    74.4   145.1   164.4   279.9   335.7   365.5   386.0   408.4   436.3   477.6   562.4   842.4  2281.6  24234.5    24258
read      314.0   415.5    80.4   128.9   143.4   247.9   307.5   345.7   375.2   410.3   457.6   543.8  1761.0  6456.6  8754.7  72029.5    72013
read      267.1   117.5    74.4   130.5   144.7   249.2   303.3   334.8   357.6   383.9   415.7   461.6   557.2   736.7  3200.4  58124.3    58012
read      272.9   110.6    80.4   137.8   153.4   261.3   310.9   338.4   358.2   380.7   407.5   447.9   528.8   685.9  2876.9  45374.3    45398
read      270.6   113.4    74.4   134.1   149.2   256.5   308.4   338.0   359.2   383.3   412.4   455.4   542.5   734.8  1919.8  50188.9    50177
read      278.0   104.5    80.4   140.8   157.3   267.2   318.0   345.5   364.9   386.2   411.3   448.9   523.7   692.0  2164.5  34488.3    34504
read      284.8   157.4    74.4   128.8   142.7   253.4   321.0   362.3   390.9   423.0   462.7   524.6   678.3  1569.2  4380.7  65923.5    66010
read      264.5   124.4    74.4   128.1   141.5   239.2   294.5   328.8   354.6   385.1   423.6   482.6   610.8   837.1  2967.1  73900.7    73937
read      268.4   114.9    74.4   131.6   146.1   251.5   304.9   335.8   358.0   383.7   415.0   461.1   558.4   766.6  2553.2  55053.4    55020
read      268.1   110.4    80.4   132.0   146.9   252.1   305.1   335.5   357.7   383.2   413.9   458.1   547.1   721.9  2023.4  53245.6    53235
read      287.5   190.0    74.4   130.2   144.4   240.1   298.2   337.0   368.1   409.7   474.5   602.5   940.7  2075.3  4065.2  97671.7    97743
read      244.5    94.3    93.8   161.8   174.4   234.0   260.6   275.0   287.3   300.8   319.1   349.5   428.4   914.9  3596.7   5401.9     5419
read      289.2   106.5    86.8   159.4   177.7   277.5   325.0   350.4   368.2   388.2   411.6   447.0   521.2   843.7  3487.1  14694.7    14764
read      255.3    85.7    86.8   161.9   176.0   246.0   275.5   293.2   306.4   320.9   342.4   374.2   448.9   854.2  2730.8   7464.0     7451
read      292.8   161.1    74.4   133.5   149.6   268.9   333.7   369.5   393.8   421.3   456.0   510.3   647.3  1467.9  5365.4  48159.9    48208
read      286.6    98.7    80.4   154.3   173.4   275.4   323.4   348.8   366.7   386.9   410.8   447.6   520.9   804.4  2109.1  16150.1    16149
read      348.0   574.1    74.4   128.4   142.5   243.4   300.8   339.6   370.4   408.7   463.7   587.4  3341.1  7561.9  9937.9  79018.7    78989
read      287.8   101.0    86.8   152.8   171.8   276.1   324.1   350.8   369.8   391.3   417.2   455.3   534.5   721.3  1834.1  18894.5    18886
read      354.3   594.5    80.4   128.5   142.7   243.7   301.2   340.3   371.2   409.5   464.2   590.0  3567.3  7624.2  9997.3  75975.3    75954
read      270.3   103.7    80.4   135.5   151.0   258.8   308.2   335.6   355.2   377.7   404.7   446.7   532.1   685.7  1991.2  44296.3    44409
read      277.4   139.6    86.8   152.3   170.5   264.7   307.7   332.4   349.6   370.1   395.7   433.1   513.3   859.0  4349.6  16390.8    16431
read      415.6   667.2    74.4   136.1   152.7   262.6   328.5   376.8   420.6   486.4   602.8  1003.6  3893.1  7745.3  9411.2  85658.5    85707
read      266.0   124.6    80.4   130.0   144.2   248.4   300.7   331.7   353.7   379.4   410.9   458.4   561.0   874.4  2947.4  58316.0    58253
read      296.2   204.9    80.4   131.5   146.2   244.3   302.3   341.2   373.5   420.3   497.9   646.1  1026.2  2056.2  4619.9 103918.3   103867
read      284.6   108.6    80.4   149.3   168.5   272.0   318.7   345.0   364.6   386.7   413.6   454.3   538.8   845.4  3016.6  21734.4    21604
read      313.1   415.4    74.4   127.9   141.6   240.0   297.5   336.3   367.2   406.8   465.1   577.4  1735.5  6133.8  8982.9  90482.8    90401
read      266.6   136.1    74.4   126.8   140.3   236.1   292.9   328.2   355.0   388.2   431.7   503.6   670.1  1080.7  2996.6  84423.0    84467
read      291.3   190.2    74.4   130.8   145.1   242.1   300.8   339.6   370.9   413.9   483.4   622.2  1007.1  1865.5  3364.6  99611.3    99700
read      280.8   122.5    80.4   143.6   161.2   269.5   316.0   341.5   360.1   381.2   406.7   446.9   538.0  1130.6  3397.7  32023.9    32052
read      280.3   130.2    86.8   154.6   174.3   265.9   304.1   326.5   343.0   364.1   391.2   433.6   559.8  1606.9  3538.5  18210.7    18173
read      320.6   211.7    80.4   132.2   148.1   270.5   353.4   401.9   437.4   481.3   539.3   636.3   932.4  2488.3  4928.4  67798.4    67789
read      290.1   145.8    74.4   133.5   149.5   265.9   330.0   365.8   390.6   418.7   454.0   509.3   659.6  1291.1  3539.3  51941.9    51929
read      304.8   194.7    74.4   130.5   145.2   254.5   331.4   381.8   418.4   462.3   523.4   624.7   865.6  1865.6  4515.8  83747.1    83850
read      296.0   125.9    86.8   152.2   173.5   283.1   333.2   360.4   379.1   399.9   426.3   464.2   558.9  1388.5  3218.1  18663.9    18614
read      316.8   143.7    74.4   144.0   165.5   300.4   367.4   399.0   420.8   445.2   475.4   527.4   641.0  1454.1  3597.6  29292.0    29315
read      419.1   632.8    74.4   140.4   158.3   269.2   328.4   369.0   404.6   464.4   592.8  1309.5  3444.0  7535.1  9266.6 108155.5   108090
read      304.6   130.5    80.4   146.2   166.1   288.6   348.5   380.2   401.5   426.9   458.2   504.1   603.0   995.3  3218.8  27001.5    27024
read      288.1   154.0    74.4   131.7   147.3   264.7   328.7   364.0   388.3   415.6   450.2   504.0   645.7  1313.0  3972.5  49953.1    49907
read      259.8   107.6    86.8   156.8   172.5   248.5   281.9   300.8   315.7   333.9   357.2   393.1   471.8   860.4  5183.4   9156.7     9150
read      315.9   129.4    80.4   143.1   163.6   302.0   368.3   400.7   423.2   448.8   481.3   533.7   635.9   805.5  2470.4  34342.2    34328
read      347.2   170.5    74.4   137.2   158.4   322.3   405.6   450.4   483.0   522.0   568.7   634.5   783.3  1283.8  3048.6  51959.5    51881
read      282.0   105.2    86.8   157.2   176.7   272.8   314.1   336.7   352.6   370.9   394.2   428.8   504.2   793.0  2652.1  14599.0    14569
read     1014.9  1632.3    74.4   158.0   179.5   257.8   313.0   664.0  1572.8  2609.7  3536.4  4683.5  7548.9  9702.3 11943.9  81317.4    81517
read     1025.9  1682.9    74.4   158.6   179.9   258.3   312.7   543.6  1533.9  2619.6  3571.0  4815.8  7797.4 10141.1 11887.6  78705.7    78694
read     1023.4  1679.5    74.4   159.1   180.4   259.1   314.0   565.1  1534.9  2605.6  3535.4  4794.3  7782.3 10271.0 12660.2  93462.3    93409
read      957.5  1593.6    80.4   150.1   169.4   256.3   340.7   786.2  1345.1  2126.5  3021.2  4307.2  7837.6 10048.5 13929.6  39082.0    39093
read      509.2   924.5    74.4   139.3   156.7   270.4   347.6   399.7   451.8   579.0   894.9  1662.6  5719.0  8201.7 11025.4  18777.3    18729
read      999.9  1595.7    74.4   157.3   178.3   258.8   319.7   843.4  1550.6  2562.5  3393.3  4463.3  7559.7  9813.8 11957.5  70809.4    70818
read      327.6   324.8    80.4   150.2   170.3   291.0   346.8   375.6   395.6   418.9   449.4   505.0  1190.6  5682.6  8133.2  21922.0    21942
read     1014.3  1640.9    74.4   158.7   180.1   258.1   312.3   609.5  1551.2  2606.9  3541.6  4721.2  7570.1  9891.5 12150.7  91716.0    91810
read      905.7  1480.0    74.4   150.1   170.5   267.4   381.8   730.7  1222.7  1878.3  2774.6  3995.6  7660.3  9714.0 12506.7  39600.8    39588
read      324.6   142.1    74.4   139.7   160.3   308.6   380.1   415.9   440.4   468.9   507.3   564.6   672.7   866.4  2525.8  40842.4    40957
read      467.5   379.8    74.4   142.0   165.3   376.7   511.2   587.9   642.2   715.2   825.7  1083.9  1915.0  3625.7  7713.4  62564.6    62645
read      291.7   122.6    86.8   159.3   179.7   282.3   326.5   350.1   367.0   386.5   409.5   445.4   527.1   799.7  3083.1  15572.7    15539
read     1012.8  1637.0    74.4   159.2   180.6   258.5   312.9   588.1  1564.8  2612.5  3514.1  4695.6  7567.7 10010.1 12327.3 107680.6   107672
read     1075.5  1746.2    80.4   159.6   179.9   261.4   324.7   979.0  1684.9  2671.3  3613.1  4987.7  7926.6 10046.3 13376.1  33017.3    32954
read      894.3  1324.8    74.4   148.7   167.8   265.8   454.7  1019.8  1423.8  2006.1  2744.4  3666.0  6633.0  8777.8 10821.9  58878.6    58866
read      306.4   150.8    80.4   150.0   170.5   293.1   349.6   377.5   396.4   418.2   444.9   488.1   598.4  1627.7  6817.2  23703.8    23739
read      361.2   190.7    74.4   139.4   161.3   332.8   420.1   467.9   504.5   545.0   594.2   667.5   854.9  1467.5  3935.4  54686.0    54701
read      419.3   265.9    74.4   141.5   165.0   365.4   479.1   544.7   590.7   642.1   718.4   858.3  1332.0  2161.6  5970.8  60790.1    60706
read     1015.8  1624.7    74.4   158.6   179.8   259.0   317.4   832.7  1596.4  2595.3  3468.4  4602.8  7625.6  9808.3 12292.3  72352.1    72350
read      753.1  1132.5    74.4   147.2   168.2   292.9   487.8   688.5   917.8  1322.9  2036.8  3171.1  5699.7  8322.7 10566.1  58662.0    58661
read      314.4   131.8    74.4   141.4   161.8   301.3   367.0   399.0   421.4   446.7   478.4   531.0   632.5   809.6  3013.5  34986.8    34912
read     1013.2  1635.2    80.4   159.1   180.5   259.0   314.7   666.3  1558.2  2606.9  3505.5  4653.8  7626.6  9889.4 11968.3 103345.9   103268
read     1064.4  1742.3    80.4   159.3   180.2   260.6   320.3   879.9  1622.1  2643.3  3616.1  4955.5  7929.5 10541.0 13702.3  38706.3    38703
read     1030.0  1686.3    74.4   160.8   182.0   260.7   316.4   656.7  1552.4  2613.1  3534.0  4783.5  7804.5 10518.6 13109.8  83405.7    83358
read     1034.6  1703.8    80.4   158.3   179.1   258.2   314.2   641.0  1543.8  2616.4  3565.1  4848.8  7872.4 10213.0 12614.6  57372.9    57408
read     1012.3  1654.0    80.4   158.4   179.3   258.4   316.6   719.4  1522.2  2576.2  3417.5  4636.2  7791.1 10237.7 12444.4  86812.3    86837
read      938.5  1455.8    80.4   147.0   166.1   269.1   504.0  1016.0  1393.5  2007.7  2802.0  3923.2  7654.9  9461.3 13677.5  33470.8    33517
read      991.7  1529.2    74.4   153.7   174.3   263.1   345.8  1076.8  1633.0  2473.6  3202.3  4232.2  7438.7  9519.7 12016.1  66166.1    66204
read     1028.5  1678.8    80.4   159.3   180.4   259.3   315.5   671.2  1556.0  2624.1  3530.2  4781.8  7797.7 10258.1 12563.3  73754.6    73758
read     1019.4  1676.7    74.4   159.0   180.2   258.7   313.3   537.0  1513.3  2606.1  3536.0  4784.8  7787.5 10220.5 12123.4  99663.2    99742
read     1015.4  1679.2    74.4   157.5   178.6   254.9   308.8   549.7  1503.7  2588.0  3497.6  4772.8  7834.1 10329.5 12839.9  80329.3   109462
read     3705.1  3566.9    80.4   206.3   241.5  1558.4  7338.2  7664.9  7777.6  7890.4  8003.1  8115.8 10023.0 15531.5 20733.7   1139.9    94453

Total QPS = 54292.8 (97727040 / 1800.0s)

Total connections = 64
Misses = 0 (0.0%)
Skipped TXs = 0 (0.0%)

RX 24138578139 bytes :   12.8 MB/s
TX          0 bytes :    0.0 MB/s
Warning! Detected max cpu usage > 95%
CPU Usage Stats (avg/min/max): 100.00%,49.75%,100.00%
