Random waveform, supplied seed
Total number of intervals = 120 (6927, 52892, 98921, 61129, 40613, 53226, 38560, 103465, 104758, 94759, 37799, 8296, 69443, 12517, 43591, 20430, 93758, 10485, 16518, 83230, 5484, 55611, 20774, 96726, 32442, 73039, 74055, 51197, 59442, 35654, 78747, 42212, 52488, 36950, 16762, 79473, 61431, 87172, 108181, 80515, 37149, 13444, 72057, 70041, 90162, 52082, 24258, 72013, 58012, 45398, 50177, 34504, 66010, 73937, 55020, 53235, 97743, 5419, 14764, 7451, 48208, 16149, 78989, 18886, 75954, 44409, 16431, 85707, 58253, 103867, 21604, 90401, 84467, 99700, 32052, 18173, 67789, 51929, 83850, 18614, 29315, 108090, 27024, 49907, 9150, 34328, 51881, 14569, 81517, 78694, 93409, 39093, 18729, 70818, 21942, 91810, 39588, 40957, 62645, 15539, 107672, 32954, 58866, 23739, 54701, 60706, 72350, 58661, 34912, 103268, 38703, 83358, 57408, 86837, 33517, 66204, 73758, 99742, 109462, 94453)
Average QPS expected = 55318
Timestamp start: 1777216183444
Timestamp end: 1777217983755

#type       avg     std     min      p5     p10     p50     p67     p75     p80     p85     p90     p95     p99    p999   p9999      QPS   target
read      208.3    85.9    86.8   144.7   156.2   199.6   221.0   232.7   241.5   251.8   266.2   288.8   344.1   589.6  3213.6   6874.1     6927
read      248.4   101.7    80.4   127.6   141.4   242.6   288.7   309.6   323.3   339.5   360.1   391.8   465.0   674.9  3447.4  52898.3    52892
read      507.4   952.2    80.4   140.8   158.3   244.2   306.1   354.1   398.5   470.8   655.7  2395.7  5285.8  8274.5 10461.8  99032.0    98921
read      267.5   161.8    80.4   124.3   137.5   243.4   302.6   333.0   354.7   380.7   413.0   467.0   641.4  2031.5  4359.0  61175.6    61129
read      297.2   209.6    80.4   127.5   142.5   269.1   331.0   366.0   390.9   419.0   455.6   511.5   832.5  2912.4  6916.6  40633.5    40613
read      330.5   249.3    80.4   127.2   143.8   289.2   374.0   418.3   449.1   484.5   527.2   592.0  1082.5  3231.3  7143.5  53257.9    53226
read      324.5   277.2    80.4   131.9   149.1   288.7   361.1   399.7   426.1   457.3   498.4   567.2   959.8  3573.7  9178.0  38631.3    38560
read      694.6  1261.3    80.4   158.9   173.0   241.7   303.3   365.0   436.3   740.6  2251.8  3628.6  6352.5  8845.2 11580.8 103516.7   103465
read      282.1   235.4    80.4   130.2   144.5   237.4   292.3   324.4   349.9   383.5   432.1   526.4  1012.6  3199.3  7673.0 104656.4   104758
read      258.4   146.1    74.4   125.5   138.6   227.2   285.1   316.6   340.3   369.3   408.4   472.6   642.1  1619.8  3886.1  94814.8    94759
read      308.4   255.5    80.4   130.6   147.3   277.9   337.6   369.8   393.1   420.5   455.1   508.4  1068.8  3638.4  7730.7  37785.5    37799
read      240.7   145.3    86.8   151.2   165.4   226.5   252.1   269.1   281.6   295.5   314.2   344.1   493.2  1567.9  7335.2   8293.6     8296
read      287.7   196.1    74.4   122.5   136.1   248.5   319.1   357.7   384.9   417.3   461.2   545.3   861.5  2613.8  4406.1  69432.5    69443
read      251.4   104.4    80.4   149.7   168.2   241.6   273.2   292.3   305.6   319.7   339.4   369.1   436.0  1129.2  3934.3  12547.3    12517
read      291.7   134.4    80.4   132.2   148.8   277.9   338.9   369.9   391.7   417.2   449.6   495.3   587.1   918.0  3247.0  43616.9    43591
read      274.1    92.1    80.4   143.5   163.2   269.9   312.5   332.8   345.9   363.2   383.7   414.4   480.8   623.6  2107.9  20460.7    20430
read      340.1   555.9    80.4   128.8   142.8   232.9   290.9   327.9   355.6   391.0   443.8   571.6  3369.2  7182.4  9206.3  93720.7    93758
read      258.5   100.1    93.8   158.7   176.9   248.2   279.0   298.2   311.2   325.6   344.1   374.2   459.1  1169.3  3576.9  10461.0    10485
read      287.3   142.0    86.8   148.7   170.7   273.9   318.9   340.5   356.2   373.8   397.3   434.8   599.5  1731.3  4556.7  16490.3    16518
read      369.4   669.0    80.4   129.0   143.4   243.9   303.5   340.7   369.6   406.9   466.1   615.2  3781.7  8180.5 10638.7  83202.5    83230
read      243.4   136.1   101.3   165.2   177.5   230.8   253.3   267.0   276.2   291.9   311.2   340.0   425.7  1337.2  7328.0   5492.5     5484
read      293.0   173.8    80.4   128.3   142.6   265.3   333.6   368.8   393.5   422.3   460.1   524.6   716.8  2092.2  4301.6  55564.3    55611
read      283.8   150.7    80.4   143.3   163.6   270.5   316.2   339.6   356.5   375.6   401.2   440.9   543.7  1533.0  7220.4  20728.0    20774
read      336.6   378.5    80.4   132.2   148.0   259.0   325.4   366.1   398.7   444.1   516.8   690.1  1874.5  4706.4  8112.5  96802.1    96726
read      306.8   191.0    80.4   132.4   151.4   285.3   345.0   376.0   398.1   424.5   457.3   504.7   756.0  2376.4  5701.7  32450.8    32442
read      309.7   225.9    74.4   125.3   139.9   263.4   339.6   383.4   415.2   454.1   506.5   608.5  1017.9  2915.2  5668.3  73187.2    73039
read      285.8   232.9    74.4   123.7   137.5   249.2   316.3   355.4   382.7   413.7   452.8   513.2   737.3  3157.1  7748.9  73939.5    74055
read      280.3   144.7    74.4   128.2   142.3   262.1   324.8   356.6   377.5   401.2   429.8   473.0   599.8  1718.4  3530.4  51249.9    51197
read      283.2   168.4    74.4   127.6   141.6   259.1   324.2   359.3   382.8   408.7   440.8   492.5   635.2  2090.8  5140.0  59358.4    59442
read      319.5   234.6    80.4   133.3   151.7   293.8   360.6   393.6   416.9   443.5   477.0   529.7   808.8  3264.4  7757.7  35578.0    35654
read      381.4   588.8    74.4   125.9   140.1   241.7   313.3   360.3   395.9   443.6   531.4  1065.6  3242.1  7170.8  9271.5  78838.1    78747
read      311.8   226.4    74.4   127.4   144.1   284.6   353.6   389.2   414.5   444.3   480.5   533.2   737.5  2968.6  8018.8  42251.3    42212
read      323.0   206.6    74.4   124.9   142.0   291.6   372.6   414.7   444.2   476.1   512.8   570.3   830.7  2597.1  4854.9  52396.9    52488
read      312.6   209.7    80.4   127.8   145.1   286.8   356.1   390.0   413.2   439.1   471.5   522.8   830.8  2878.9  6299.6  36932.6    36950
read      276.9   134.0    86.8   141.1   162.5   265.2   305.4   329.3   344.3   362.6   385.0   421.6   573.0  1647.0  3917.3  16789.9    16762
read      382.9   592.5    80.4   128.6   142.5   238.2   309.1   354.0   387.4   431.9   518.1  1142.8  3367.4  7169.6  8687.0  79602.0    79473
read      276.1   158.5    74.4   124.2   137.9   253.0   315.5   350.0   373.3   399.6   432.1   484.1   637.3  1917.0  4000.6  61412.7    61431
read      302.8   283.9    74.4   124.6   138.7   249.3   320.5   363.9   395.8   433.8   486.2   583.4  1066.8  4329.7  7780.6  87269.1    87172
read      290.0   276.4    74.4   127.9   141.5   236.3   295.8   333.1   361.3   396.8   449.3   550.0  1200.9  3453.8  8000.0 108111.1   108181
read      282.1   211.1    74.4   123.2   136.7   245.1   310.9   349.6   376.9   409.2   451.9   520.4   770.3  2863.0  6344.9  80408.2    80515
read      311.8   233.8    74.4   129.1   146.4   284.3   350.6   383.9   406.5   433.5   466.4   515.3   809.1  3496.5  7218.1  37111.8    37149
read      272.5   142.5    86.8   152.8   174.7   259.1   294.1   316.0   331.4   347.7   370.5   406.0   509.5  1556.2  6690.5  13483.1    13444
read      358.6   543.9    74.4   129.4   143.4   252.4   322.3   366.3   398.5   436.4   490.3   613.0  3308.0  6988.0  8736.0  72055.4    72057
read      286.5   162.1    74.4   128.2   141.4   256.1   324.0   363.6   391.6   423.5   463.6   526.4   697.9  1732.1  3676.6  70042.3    70041
read      302.4   222.6    80.4   130.0   144.0   252.0   322.8   370.1   405.1   447.6   502.1   597.9   941.5  2772.7  6231.1  90226.7    90162
read      277.9   131.3    80.4   130.6   144.6   261.1   321.9   353.1   373.9   397.8   427.0   470.5   587.5  1241.7  3351.1  52106.7    52082
read      305.2   155.5    86.8   140.8   161.1   289.5   344.7   372.7   392.8   415.7   445.1   493.3   682.4  1866.0  4089.7  24295.8    24258
read      380.1   619.3    80.4   131.1   145.8   255.8   326.7   370.1   402.5   444.9   505.2   668.8  3808.0  7528.2  9170.5  72061.0    72013
read      290.3   146.4    74.4   131.3   145.5   267.0   333.0   367.8   392.4   421.2   458.2   515.5   676.5  1401.3  3421.3  58069.0    58012
read      290.7   142.8    80.4   135.8   150.5   273.1   334.5   365.2   386.7   411.3   444.1   495.2   624.4  1401.1  4029.3  45287.9    45398
read      288.1   135.4    80.4   132.6   146.9   269.3   331.6   364.0   387.1   414.3   449.9   503.8   636.0  1250.4  2865.3  50067.0    50177
read      317.6   196.4    80.4   137.2   155.0   297.1   360.0   394.2   419.5   449.1   484.5   539.6   703.7  2360.2  7171.7  34474.9    34504
read      310.2   227.0    80.4   129.6   144.0   267.7   340.8   381.1   410.6   448.6   499.2   593.3   971.7  2871.2  6754.5  65945.7    66010
read      300.5   193.6    74.4   129.3   143.3   261.0   334.1   375.4   405.5   442.9   491.2   575.3   846.0  2252.4  5025.6  73931.5    73937
read      288.4   145.6    80.4   130.6   144.6   265.3   331.7   366.2   390.5   419.1   456.1   511.4   662.8  1438.2  3190.6  54982.7    55020
read      287.6   151.4    80.4   130.4   144.3   264.8   330.6   364.2   387.8   415.6   452.2   506.8   649.0  1639.3  3788.8  53291.9    53235
read      319.1   376.2    80.4   128.8   142.7   242.8   305.8   343.6   373.2   412.9   471.0   594.8  2002.3  4121.6  7958.7  97688.9    97743
read      237.2   100.1    93.8   162.4   174.7   226.8   249.2   262.9   272.7   287.0   305.3   333.9   407.1  1225.6  4213.2   5420.4     5419
read      283.7   129.2    86.8   151.2   172.5   271.3   315.1   336.4   351.2   369.5   393.5   431.4   567.5  1522.4  3751.2  14756.6    14764
read      251.7   190.4    93.8   159.7   174.6   237.7   265.2   281.7   294.7   309.6   327.5   357.7   452.7  1369.0 10197.5   7479.4     7451
read      302.4   216.1    74.4   132.9   148.8   271.6   331.2   362.9   387.2   418.3   463.1   543.7   820.1  2987.2  7526.5  48257.3    48208
read      261.2    98.5    86.8   148.0   168.3   249.1   284.0   305.4   319.8   337.7   361.4   399.1   493.6  1083.8  2849.5  16153.9    16149
read      261.6   122.3    74.4   126.7   140.1   238.3   298.0   329.8   351.6   377.2   410.0   464.0   590.8   908.5  3245.3  79005.1    78989
read      249.7   130.4    80.4   143.0   161.3   239.2   266.2   282.6   295.3   311.6   332.6   367.8   466.1  1826.9  4249.9  18905.4    18886
read      367.1   610.7    74.4   126.6   140.3   239.2   307.0   350.7   383.5   422.8   479.5   698.4  3592.8  7612.1  9824.8  75935.5    75954
read      312.1   201.6    80.4   129.3   145.8   285.3   355.5   393.6   420.8   451.6   488.1   543.9   738.1  2566.9  6670.5  44489.1    44409
read      270.6   131.4    80.4   144.0   163.9   259.2   300.4   320.2   335.0   351.3   372.9   408.4   515.6  1581.7  4567.9  16383.8    16431
read      875.1  1436.3    74.4   153.2   166.4   220.2   259.8   498.0  1349.5  2271.1  2936.8  3993.1  6806.8  9189.3 11057.4  85720.8    85707
read      532.9   839.7    74.4   138.0   155.9   271.0   385.5   460.3   520.4   629.8  1052.6  2148.3  4263.5  8011.3 10100.8  58327.5    58253
read      872.2  1403.3    74.4   154.2   167.4   222.8   267.1   679.3  1369.1  2221.5  2894.8  3908.4  6534.5  9039.8 11260.9 103939.9   103867
read      487.2   919.3    80.4   138.7   154.0   252.4   317.6   357.0   394.0   480.7   813.6  1720.0  5252.0  8137.5 11163.1  21652.7    21604
read      866.9  1424.2    74.4   152.5   165.4   218.6   258.8   534.3  1339.4  2211.6  2893.9  3934.1  6781.2  9281.2 11090.1  90371.2    90401
read      870.3  1448.6    74.4   151.7   164.6   218.3   260.4   540.8  1327.0  2136.9  2894.8  3978.2  7076.7  9559.3 11541.8  84457.4    84467
read      873.4  1458.1    74.4   152.3   165.3   220.6   265.0   582.3  1322.6  2100.7  2882.1  3989.5  7175.9  9772.7 11901.8  99920.6    99700
read      676.7  1114.5    80.4   141.3   156.0   250.9   433.1   636.0   831.7  1115.7  1619.8  2712.6  6840.9  8805.4 11734.4  32047.9    32052
read      253.2    83.9    80.4   139.1   157.0   247.4   285.2   304.4   316.8   332.1   350.3   380.9   446.7   563.9  2444.1  18187.0    18173
read      353.2   183.9    74.4   137.3   158.8   321.3   411.5   461.1   495.0   534.2   581.6   654.1   860.8  1383.6  3169.4  67770.3    67789
read      299.0   132.9    74.4   129.0   145.8   282.1   352.2   389.4   414.8   443.3   475.9   523.6   611.0   747.9  2872.0  51874.5    51929
read      869.1  1415.8    74.4   153.3   166.8   223.1   268.4   623.4  1334.2  2169.1  2879.5  3939.7  6695.6  9193.1 11876.2  83851.4    83850
read      292.7   372.9    74.4   138.7   155.1   249.4   292.4   313.4   328.6   346.5   373.3   433.7  1319.1  7624.3  8961.2  18596.5    18614
read      273.3   108.2    80.4   133.8   150.6   266.4   317.6   341.7   358.7   377.2   400.2   434.7   504.0   629.6  3174.9  29275.4    29315
read      879.4  1436.5    74.4   155.3   168.6   223.4   265.2   565.6  1357.8  2235.2  2923.9  3995.6  6785.1  9312.1 11082.6 107950.9   108090
read      594.9  1094.1    80.4   139.9   155.5   244.9   327.6   389.5   466.6   745.7  1327.6  2666.3  6690.6  8781.2 11099.3  27019.7    27024
read      297.3   129.7    74.4   129.3   146.0   281.8   350.3   386.2   410.4   438.0   470.2   518.3   606.8   741.9  2201.0  49957.2    49907
read      230.3   109.0    86.8   148.9   162.7   222.4   246.4   261.3   273.0   287.2   304.2   330.6   391.4   580.3  4203.7   9189.1     9150
read      281.7   112.7    80.4   132.5   149.1   273.7   329.4   356.8   375.8   397.2   424.1   462.6   543.1   691.7  1961.4  34332.7    34328
read      302.3   134.6    74.4   129.8   146.9   285.5   355.8   393.4   419.6   448.6   482.8   533.3   624.4   772.8  1934.4  51880.6    51881
read      247.5    79.2    86.8   144.5   162.1   240.8   274.9   293.1   305.8   319.1   337.7   365.3   426.5   536.3  2419.9  14511.7    14569
read      871.2  1410.4    74.4   152.4   165.4   220.6   265.4   689.0  1364.4  2205.3  2881.4  3899.2  6708.9  9203.3 11320.6  81515.1    81517
read      877.4  1428.3    74.4   152.0   165.2   221.9   267.8   695.2  1366.1  2173.5  2913.8  3946.4  6916.7  9302.3 11855.8  78777.0    78694
read      877.8  1429.6    80.4   153.9   167.3   224.5   272.8   731.7  1350.5  2127.7  2873.2  3954.3  6896.0  9619.9 11809.1  93394.6    93409
read      513.1   830.9    74.4   138.0   153.9   267.8   372.4   445.1   518.8   676.3   998.1  1768.4  4294.5  8057.1 10054.5  39157.7    39093
read      258.7    97.0    80.4   140.6   158.3   251.9   293.2   312.3   325.2   341.0   361.4   391.4   451.7   584.0  3229.1  18726.9    18729
read      393.2   230.9    74.4   140.5   163.3   347.5   452.2   508.2   549.0   595.4   660.1   781.1  1190.1  1880.3  3642.0  70831.6    70818
read      263.5    97.7    80.4   138.2   155.0   257.2   302.2   321.9   336.5   352.6   372.6   402.8   468.4   604.8  2232.7  22043.7    21942
read      876.3  1444.4    74.4   153.7   166.7   220.6   261.7   539.2  1344.0  2210.2  2927.5  3992.9  6983.5  9288.2 11455.1  91846.3    91810
read      452.4   749.0    74.4   134.8   151.5   266.5   349.6   396.4   433.6   488.3   662.3  1478.7  3895.5  8017.7  9958.2  39455.3    39588
read      286.6   120.6    80.4   130.0   146.4   276.1   337.0   367.7   388.7   412.1   441.3   482.7   563.4   680.4  2818.8  40894.1    40957
read      325.3   157.9    74.4   133.6   153.0   300.9   381.7   425.9   456.0   489.6   530.8   587.1   700.5  1049.0  3741.6  62555.8    62645
read      247.3    80.3    80.4   142.4   160.1   241.2   275.7   293.4   305.8   319.1   337.8   365.7   425.0   561.6  3073.2  15535.5    15539
read      876.0  1429.5    74.4   154.0   167.3   222.7   265.4   585.3  1355.3  2231.9  2929.1  3953.3  6810.1  9278.2 11180.3 107511.1   107672
read      627.0  1090.7    80.4   141.2   157.1   247.3   351.4   440.1   581.0   930.2  1525.1  2730.0  6269.3  8635.7 11037.2  32953.8    32954
read      316.4   148.0    74.4   132.1   150.6   295.1   371.9   413.9   443.0   473.8   510.7   566.4   669.5   923.2  3089.7  58818.2    58866
read      267.5    94.3    80.4   137.7   154.5   262.0   308.1   329.2   343.8   361.6   382.9   414.2   477.0   593.3  2690.8  23678.1    23739
read      305.3   140.5    74.4   129.8   147.2   286.8   359.5   397.8   425.1   455.1   490.0   539.5   629.3   806.5  3038.8  54846.1    54701
read      321.3   149.1    74.4   133.3   152.3   298.5   377.2   420.6   450.5   482.8   522.2   578.3   685.5   967.8  2529.7  60759.3    60706
read      509.8   459.5    68.9   141.1   161.5   383.6   541.1   631.6   707.2   811.8   990.8  1340.0  2286.3  4046.1  7910.1  72360.7    72350
read      314.0   144.3    74.4   131.8   150.0   292.7   369.2   410.4   439.4   470.0   507.1   561.7   661.9   906.4  2132.6  58754.3    58661
read      281.6   118.2    74.4   131.9   148.6   272.9   329.5   357.0   375.5   396.7   423.4   461.4   536.1   663.0  2824.3  34878.8    34912
read      868.0  1421.4    74.4   153.0   165.9   220.0   261.2   561.6  1344.6  2197.8  2899.8  3940.4  6745.0  9331.3 11191.6 103399.9   103268
read      616.3  1063.1    74.4   142.8   158.5   249.1   359.2   444.9   547.0   857.4  1473.9  2712.4  5868.8  8471.8 10789.3  38768.5    38703
read      886.1  1430.5    74.4   155.1   168.3   224.5   269.6   713.0  1382.3  2250.6  2931.4  3964.9  6837.4  9109.5 11165.6  83342.5    83358
read      469.5   670.8    74.4   137.2   154.7   287.0   393.9   458.7   506.4   578.8   787.8  1510.7  3427.1  7797.4  9505.1  57338.1    57408
read      882.9  1441.5    74.4   154.4   167.9   223.8   267.8   629.3  1356.0  2235.4  2945.5  3990.8  7023.5  9168.8 10923.3  86685.0    86837
read      369.3   546.2    74.4   134.5   151.1   271.5   338.2   373.0   398.0   430.4   482.8   769.7  2724.5  7829.5  9554.1  33577.3    33517
read      353.6   178.8    74.4   138.7   160.5   323.3   412.5   462.0   495.5   534.2   580.5   648.9   844.6  1377.2  2887.9  66136.6    66204
read      600.4   694.2    74.4   141.4   159.4   339.3   561.0   707.2   845.8  1055.1  1374.7  1951.8  3312.1  7294.2  8830.7  73776.9    73758
read      879.7  1446.9    74.4   154.2   167.4   222.4   264.3   542.9  1352.0  2220.6  2937.0  3994.5  6906.7  9430.9 11655.0  99577.9    99742
read      879.6  1460.1    74.4   153.5   166.7   222.2   265.0   535.9  1337.0  2172.1  2940.0  4033.0  7031.0  9623.4 11890.2 109128.3   109462
read      975.1  1682.8    80.4   151.3   164.1   218.4   267.6   828.3  1425.9  2285.4  3137.9  4623.3  7925.9 10043.2 14259.6  19808.3    94453

Total QPS = 54695.3 (98451616 / 1800.0s)

Total connections = 64
Misses = 0 (0.0%)
Skipped TXs = 0 (0.0%)

RX 24317550140 bytes :   12.9 MB/s
TX          0 bytes :    0.0 MB/s
Warning! Detected max cpu usage > 95%
CPU Usage Stats (avg/min/max): 100.00%,50.00%,100.00%
