#type       avg     std     min      p5     p10     p50     p67     p75     p80     p85     p90     p95     p99    p999   p9999     QPS   target
read      550.7   922.5   118.1   287.6   315.0   427.7   486.1   526.1   558.0   607.0   691.9   989.6  2414.3 16272.4 25409.2   4998.0     5000
read      438.4   242.3   101.3   256.0   297.8   408.1   456.0   483.6   505.0   533.2   573.1   662.4  1182.0  2694.7  7655.7  10018.4    10000
read      525.4   432.4   109.4   232.6   292.0   447.3   507.5   546.7   580.7   628.3   719.0  1036.6  2242.5  7021.8  8106.4  14992.0    15000
read      970.6  1247.0   109.4   233.1   298.0   510.7   638.7   822.1  1175.0  1723.3  2380.2  3401.8  7407.3  9018.2 15065.1  19998.6    20000
read     1406.6  1480.5   101.3   247.6   317.3   675.8  1675.3  2005.6  2252.4  2576.4  3098.3  4099.0  7745.0 10227.1 15773.3  25090.0    25000
read      539.9   355.9   101.3   211.9   261.6   471.7   561.7   616.1   660.1   727.7   842.7  1083.5  1792.8  3914.9  7996.8  30052.5    30000
read     2399.7  1236.9   148.8  1517.2  1613.5  2040.4  2305.3  2494.3  2672.3  2960.0  3453.8  4398.9  7965.6 10025.7 13493.1  29708.8    35000
read     2400.2  1297.9   173.5  1495.8  1569.9  2002.6  2285.0  2517.4  2737.0  3035.7  3484.4  4646.5  7987.1 10040.4 15836.0  29764.6    40000
read     2773.7  1520.1   148.8  1512.8  1615.3  2277.3  2812.7  3164.9  3450.1  3842.6  4409.1  6028.9  8070.1 12708.0 16547.7  25867.8    45000
read     3198.9  1623.2   275.4  1652.8  1796.0  2753.4  3275.7  3641.2  3936.6  4367.1  5128.5  7096.0  8599.1 14092.1 16265.0  22493.0    50000
read     2477.3  1342.5   218.6  1484.0  1565.9  2050.2  2382.3  2678.8  2916.9  3212.4  3679.7  4918.5  8008.7 10232.4 15646.5  28839.0    55000
read     2646.0  1415.7   321.2  1520.6  1621.0  2185.3  2592.3  2888.2  3149.9  3528.3  4069.3  5609.6  8033.3 10221.2 15767.2  27024.2    60000
read     2209.5  1165.5   297.4  1454.6  1532.7  1874.6  2092.2  2254.2  2407.2  2657.8  3058.0  3836.6  7926.8  9914.7 14265.4  32330.4    65000
read     2562.5  1423.9   321.2  1490.1  1582.4  2111.5  2482.6  2761.3  2997.1  3323.5  3883.8  5504.5  8054.6 11666.6 15931.9  27898.2    70000
read     2632.9  1438.8   218.6  1498.3  1581.9  2152.0  2589.9  2945.1  3211.2  3582.9  4116.3  5602.4  8027.6 10928.7 16243.3  27160.8    75000
read     2378.6  1271.8   148.8  1505.8  1576.4  1975.6  2229.5  2447.2  2679.2  3025.6  3526.3  4582.1  7957.9  9924.5 13841.4  30083.3    80000
Warning! Detected max cpu usage > 95%
CPU Usage Stats (avg/min/max): 66.60%,0.00%,100.00%