#type       avg     std     min      p5     p10     p50     p67     p75     p80     p85     p90     p95     p99    p999   p9999     QPS   target
xdread      441.2   253.2   127.6   281.7   306.7   401.2   449.4   476.9   500.2   532.0   580.0   679.2  1225.3  3176.4  8064.8   4986.4     5000
read      432.3   215.2   109.4   260.2   300.1   406.3   450.7   474.4   495.9   521.5   557.4   629.6  1126.3  2630.5  7762.7   9991.4    10000
read      896.1  1535.5   109.4   226.3   279.8   430.2   495.6   542.6   592.2   748.9  1893.7  4325.8  7793.8 13338.2 17513.9  14801.2    15000
read      671.9   995.4   109.4   212.9   263.8   446.5   517.3   563.3   602.4   664.7   837.1  2011.4  5940.7  9247.8 15193.7  19864.8    20000
read     1268.4  1390.6   101.3   241.9   309.1   614.1  1364.2  1815.7  2086.8  2413.9  2903.3  3790.9  7570.7  9857.9 16591.0  25042.4    25000
read     1318.3  1266.3    93.8   257.2   321.6   775.9  1666.8  1859.4  2008.3  2214.7  2582.4  3354.5  7609.7  9229.6 13142.3  30054.2    30000
read     2046.7  1094.0   101.3  1389.3  1498.7  1804.2  1958.9  2061.3  2159.3  2309.9  2638.0  3477.9  7869.1  9549.7 13750.8  33838.0    35000
read     2120.1  1115.5   255.0  1426.1  1519.4  1855.4  2024.4  2140.3  2229.8  2368.3  2708.9  3577.8  7904.9  9867.1 14602.1  33529.6    40000
read     2055.3  1069.9   148.8  1434.2  1514.0  1804.7  1952.7  2039.6  2128.3  2236.1  2490.7  3416.8  7882.8  9444.3 11730.2  34650.8    45000
read     2016.8  1090.8   137.8  1365.1  1448.7  1747.7  1903.7  2013.8  2111.3  2249.6  2568.4  3376.6  7884.4  9775.5 13849.3  35351.4    50000
read     2077.2  1079.4   346.9  1445.8  1521.6  1819.3  1968.8  2062.8  2145.3  2263.9  2528.2  3476.9  7888.1  9559.3 13557.1  34346.8    55000
read     2031.0  1092.1   275.4  1406.3  1476.1  1749.7  1911.3  2014.5  2113.8  2260.4  2602.3  3432.9  7888.8 10079.2 14411.3  35088.6    60000
read     2189.8  1117.8   297.4  1500.9  1566.8  1895.1  2073.1  2186.6  2307.1  2491.3  2887.2  3739.4  7903.0  9441.4 13093.7  32556.2    65000
read     2058.0  1076.0   255.0  1416.6  1491.8  1783.7  1952.9  2056.0  2152.9  2306.3  2686.0  3479.2  7876.1  9436.4 11938.6  34602.2    70000
read     2037.9  1074.3   509.7  1392.1  1459.9  1779.5  1939.9  2038.9  2138.0  2272.3  2577.8  3405.2  7871.5  9578.2 12678.5  34944.6    75000
read     2124.4  1269.5   297.4  1362.3  1449.4  1776.5  1949.7  2074.0  2184.7  2410.1  3029.4  3965.1  7994.9 12125.0 18076.7  33535.0    80000
Warning! Detected max cpu usage > 95%
CPU Usage Stats (avg/min/max): 66.73%,1.01%,100.00%