#type       avg     std     min      p5     p10     p50     p67     p75     p80     p85     p90     p95     p99    p999   p9999     QPS   target
read      373.4   146.8   118.1   263.2   284.7   357.0   387.1   404.4   420.8   437.6   464.2   506.1   693.4  1996.5  5231.5   5000.8     5000
read      440.9   253.5   109.4   250.7   295.2   402.2   450.3   477.5   500.7   530.6   576.1   684.5  1417.3  3201.2  7656.4  10007.2    10000
read      451.6   228.7   101.3   223.2   276.4   423.2   473.1   505.3   530.8   561.8   608.7   703.6  1410.6  2534.6  7255.1  15080.2    15000
read     1109.7  1381.9   109.4   235.0   300.2   534.9   742.9  1220.8  1656.1  2208.9  2830.6  3729.9  7544.5 10449.8 15864.6  20097.0    20000
read      496.0   333.0   101.3   202.3   246.9   443.9   517.3   561.2   594.5   640.0   716.6   925.2  1763.5  3758.6  8008.9  24966.0    25000
read     1191.7  1153.9   101.3   250.4   314.7   703.9  1447.4  1692.0  1857.9  2071.4  2408.5  3078.8  7173.6  8493.6 11376.0  29898.4    30000
read     2054.1  1113.7   118.1  1340.3  1431.3  1782.0  1971.0  2099.7  2207.6  2394.8  2767.5  3505.6  7885.6  9821.0 13301.8  34023.8    35000
read     2348.7  1280.4   202.4  1489.3  1566.6  1968.3  2212.1  2419.8  2625.6  2916.3  3351.9  4392.4  7992.3 10189.4 16039.1  30436.8    40000
read     2431.6  1283.3   255.0  1527.0  1617.9  2040.6  2321.7  2533.4  2731.3  3011.6  3467.1  4700.6  7983.8  9879.2 15273.9  29493.2    45000
read     2395.1  1210.7   275.4  1550.9  1639.2  2051.8  2292.1  2466.9  2624.9  2880.0  3330.1  4332.7  7951.1  9603.4 13436.8  29932.4    50000
read     2647.3  1384.6   202.4  1513.2  1601.7  2207.3  2686.8  2987.5  3206.3  3507.0  3993.6  5414.9  8010.2 10072.3 15427.3  26993.7    55000
read     2224.4  1174.5   118.1  1436.6  1522.3  1887.1  2099.8  2256.7  2409.2  2678.2  3110.8  4008.3  7918.6  9513.8 11243.1  32082.4    60000
read     2337.0  1201.6   321.2  1503.8  1583.0  1990.8  2234.7  2433.3  2622.4  2897.4  3296.6  4069.9  7945.5  9652.4 14252.8  30556.6    65000
read     2137.6  1118.4   173.5  1443.4  1521.5  1840.7  2019.9  2148.3  2260.0  2445.4  2860.6  3642.0  7904.2  9593.8 12642.8  33424.6    70000
read     2146.0  1097.2   236.1  1479.1  1544.4  1859.9  2030.2  2153.3  2257.6  2420.1  2791.8  3628.0  7897.0  9563.8 12187.4  33227.8    75000
read     2058.2  1095.2   187.4  1406.1  1477.1  1779.7  1944.3  2051.4  2157.5  2323.3  2701.3  3459.6  7889.4  9814.3 14025.6  34629.2    80000
Warning! Detected max cpu usage > 95%
CPU Usage Stats (avg/min/max): 66.70%,0.50%,100.00%