#type       avg     std     min      p5     p10     p50     p67     p75     p80     p85     p90     p95     p99    p999   p9999      QPS   target       ts_start         ts_end
read      232.5    75.9   109.4   156.6   169.4   224.3   248.0   261.7   271.2   283.7   299.1   326.5   399.1   714.0  4075.2   4944.5     5000  1777927933451  1777927935719
read      271.9    83.3   109.4   161.1   179.0   268.7   301.2   317.6   330.2   344.1   363.7   391.9   454.3   707.0  1986.1  15042.0    15000  1777927937222  1777927939463
read      283.6   113.5    86.8   153.9   172.1   279.3   319.1   339.6   354.3   371.2   392.9   424.4   491.9   977.6  2903.7  25047.5    25000  1777927940967  1777927943168
read      281.5    94.3    86.8   145.3   162.1   278.9   323.2   346.2   362.8   381.1   403.4   437.7   509.3   624.6  1153.1  35055.0    35000  1777927944671  1777927946868
read      283.6   112.1    80.4   141.5   157.9   273.8   329.9   357.9   376.6   397.7   423.9   461.4   534.3   663.2  1998.3  45102.0    45000  1777927948371  1777927950574
read      276.9   129.7    80.4   134.4   149.8   263.0   322.8   351.2   370.9   393.1   420.1   459.6   541.3   746.0  4353.2  54745.0    55000  1777927952077  1777927954281
read      268.0   115.9    80.4   131.5   146.3   249.8   309.4   340.4   361.9   386.1   415.5   458.0   541.9   692.5  1624.6  64702.0    65000  1777927955784  1777927957988
read      264.2   107.9    74.4   129.9   144.8   242.8   301.9   334.9   357.8   383.7   415.8   461.2   548.4   689.6  1285.5  74903.5    75000  1777927959492  1777927961692
read      275.3   117.8    74.4   134.5   150.5   254.9   313.2   345.0   368.1   394.6   427.6   474.8   577.2   835.9  2136.3  85026.0    85000  1777927963195  1777927965394
read      276.0   110.9    80.4   138.2   154.4   258.1   312.4   342.4   364.7   390.5   422.9   470.4   568.8   757.1  2002.9  95113.5    95000  1777927966898  1777927969099
read      339.9   165.8    80.4   148.9   170.2   307.8   375.1   417.1   448.5   487.1   539.2   639.1   941.0  1176.8  1580.6 105160.9   105000  1777927970602  1777927972805
read      432.5   195.3    80.4   179.6   215.0   395.3   472.7   532.2   586.7   652.4   724.7   811.0   943.5  1114.7  2070.7 114793.9   115000  1777927974308  1777927976510
read      524.8   220.3    86.8   266.0   311.5   467.4   556.5   647.0   713.1   776.4   841.9   924.1  1067.8  1289.1  5789.4 117435.9   125000  1777927978013  1777927980214
Warning! Detected max cpu usage > 95%
CPU Usage Stats (avg/min/max): 51.00%,2.00%,100.00%
