Random waveform, supplied seed
Total number of intervals = 320 (6927, 52892, 98921, 61129, 40613, 53226, 38560, 103465, 104758, 94759, 37799, 8296, 69443, 12517, 43591, 20430, 93758, 10485, 16518, 83230, 5484, 55611, 20774, 96726, 32442, 73039, 74055, 51197, 59442, 35654, 78747, 42212, 52488, 36950, 16762, 79473, 61431, 87172, 108181, 80515, 37149, 13444, 72057, 70041, 90162, 52082, 24258, 72013, 58012, 45398, 50177, 34504, 66010, 73937, 55020, 53235, 97743, 5419, 14764, 7451, 48208, 16149, 78989, 18886, 75954, 44409, 16431, 85707, 58253, 103867, 21604, 90401, 84467, 99700, 32052, 18173, 67789, 51929, 83850, 18614, 29315, 108090, 27024, 49907, 9150, 34328, 51881, 14569, 81517, 78694, 93409, 39093, 18729, 70818, 21942, 91810, 39588, 40957, 62645, 15539, 107672, 32954, 58866, 23739, 54701, 60706, 72350, 58661, 34912, 103268, 38703, 83358, 57408, 86837, 33517, 66204, 73758, 99742, 109462, 94453, 44096, 100467, 8576, 59359, 7614, 60329, 43762, 67038, 26095, 71173, 109276, 13150, 61250, 84472, 82226, 27671, 98736, 106314, 105027, 96867, 89493, 50538, 22083, 48618, 94298, 63579, 64573, 77178, 29824, 64495, 20917, 85651, 61935, 50216, 72251, 71798, 19701, 24952, 81838, 26648, 24837, 29420, 103882, 70314, 61679, 49557, 19325, 9128, 94933, 24327, 71896, 93771, 20452, 42338, 72627, 80603, 49049, 92305, 56889, 78036, 71583, 72609, 107382, 86530, 16550, 84534, 72631, 49291, 62175, 80213, 16566, 53985, 101949, 24076, 52574, 106271, 105451, 86087, 29108, 101115, 74326, 75832, 94901, 15809, 28874, 51882, 32653, 41676, 63019, 99164, 47055, 62394, 98519, 32122, 49464, 24034, 77363, 91698, 38997, 86028, 83012, 15024, 56640, 97362, 107412, 65030, 79278, 47544, 105368, 58181, 56960, 14849, 63672, 48289, 11797, 10781, 49362, 102119, 46213, 97025, 18351, 21426, 43013, 67376, 36043, 6255, 102499, 26263, 56974, 40869, 46514, 11431, 58600, 68058, 54502, 64022, 52142, 101375, 40606, 47485, 48977, 38615, 80279, 75843, 67095, 41325, 55752, 85561, 14194, 88002, 90515, 109283, 26699, 37400, 19307, 11527, 83787, 22209, 75169, 73833, 94641, 61338, 91825, 77235, 37257, 32057, 108618, 72930, 43714, 87369, 56640, 97360, 79788, 11352, 87962, 40663, 59386, 48302, 19398, 82197, 77387, 72753, 7720, 46279, 42102, 90892, 39976, 61084, 16735, 45909, 28976, 84704, 101822, 92571, 12106, 58568, 51319, 21556, 14191, 29072)
Average QPS expected = 57359
Timestamp start: 1777737099281
Timestamp end: 1777738699664

#type       avg     std     min      p5     p10     p50     p67     p75     p80     p85     p90     p95     p99    p999   p9999      QPS   target
read      221.9   128.9    80.4   140.9   152.0   209.1   235.9   250.8   262.3   275.3   294.3   324.0   417.3  1932.2  5781.0   6909.4     6927
read      324.9   234.8    74.4   125.4   141.5   286.6   370.5   417.7   449.4   485.0   529.8   596.5   830.9  3263.1  7430.1  53042.2    52892
read      360.5   602.2    74.4   132.7   148.2   256.4   317.0   350.1   375.5   407.1   456.9   586.0  3303.1  7372.0  9427.9  98910.6    98921
read      313.3   247.1    80.4   124.7   139.0   266.1   338.9   387.0   422.1   464.5   522.9   618.2   985.6  2959.0  7523.0  61284.8    61129
read      317.4   228.1    80.4   122.9   138.8   286.9   365.0   406.3   432.3   461.3   496.7   548.1   791.0  3219.2  5520.9  40628.6    40613
read      353.1   338.0    80.4   125.1   141.8   298.4   394.5   442.0   473.4   509.4   553.1   628.8  1455.9  4942.7  8072.8  53229.8    53226
read      316.6   217.6    80.4   124.3   140.8   289.6   365.2   403.9   429.7   458.0   492.6   543.9   762.9  2872.7  6397.5  38531.4    38560
read      420.6   615.3    80.4   144.5   163.0   286.3   347.6   386.6   417.8   461.9   543.5   871.0  3494.7  6710.8  8260.8 103534.2   103465
read      268.7   139.5    80.4   133.5   148.2   242.3   297.7   328.7   350.9   378.5   414.7   471.1   646.7  1342.0  4772.2 104783.6   104758
read      286.3   159.0    80.4   132.4   146.9   248.7   311.0   345.5   373.2   407.6   459.4   562.5   881.4  1351.0  2428.5  94667.8    94759
read      323.2   330.1    80.4   128.0   143.7   277.8   340.6   378.8   406.0   437.8   480.2   554.5  1328.1  5224.8  7950.1  37873.2    37799
read      234.5   223.2    86.8   139.1   149.9   212.4   241.9   257.8   269.6   284.5   305.0   342.9   548.8  3586.3  7860.3   8326.4     8296
read      483.9   709.9    80.4   132.1   148.5   273.6   346.8   403.0   461.7   593.3  1005.7  1885.4  3442.8  7663.3 12189.3  69338.0    69443
read      233.2    88.3    86.8   141.8   154.5   223.3   253.8   270.7   283.2   296.9   316.9   349.4   430.6  1162.9  2526.8  12464.6    12517
read      319.9   270.5    74.4   121.3   136.8   285.5   364.5   405.8   433.0   463.0   500.2   554.9   775.2  4288.2  7505.2  43558.4    43591
read      280.4   121.7    80.4   135.0   151.5   270.0   317.5   343.5   364.1   387.2   414.1   453.9   549.9  1456.5  2720.7  20453.4    20430
read      423.3   643.9    80.4   134.0   150.5   271.1   336.7   378.0   412.9   462.3   549.2  1418.1  3582.5  7046.2  8108.0  93761.0    93758
read      239.4    99.1    86.8   141.7   155.2   229.5   261.6   278.5   291.3   307.0   327.7   364.7   440.3  1129.5  3940.8  10601.6    10485
read      263.3   112.4    86.8   137.2   152.5   253.2   294.2   316.0   332.6   352.7   380.1   418.9   516.2  1254.6  2243.2  16546.0    16518
read      481.5   760.0    80.4   138.1   155.2   283.7   352.2   397.5   435.8   500.6   659.6  2023.6  4028.8  7775.2  9139.4  83293.6    83230
read      214.6   130.8    86.8   141.5   150.8   199.9   226.0   241.0   252.1   266.0   283.8   315.0   417.2  1421.2  7615.5   5474.0     5484
read      357.3   335.1    74.4   127.8   143.9   293.6   389.7   443.7   480.7   523.2   579.0   677.5  1490.0  4488.2  8083.1  55533.8    55611
read      283.2   170.6    80.4   132.8   149.9   267.6   315.0   342.2   362.6   385.4   412.4   453.7   590.8  2428.6  4589.0  20731.8    20774
read      371.8   561.4    80.4   130.1   145.1   255.1   316.4   349.5   376.0   411.1   468.5   677.3  3197.5  6032.8  8380.2  96687.8    96726
read      297.5   186.9    74.4   126.6   142.5   275.4   334.7   370.6   395.1   421.8   454.0   502.5   752.3  2379.4  4892.7  32488.6    32442
read      387.2   502.9    80.4   129.1   143.4   256.3   321.0   365.5   403.9   460.5   578.0  1331.3  2639.1  5013.8  8550.7  73131.8    73039
read      262.9   133.2    74.4   120.7   132.7   233.2   296.2   332.4   362.2   398.4   442.0   501.5   617.6  1185.2  2321.7  74272.8    74055
read      312.3   166.4    80.4   122.1   137.5   283.6   370.4   415.3   444.5   476.7   515.4   571.4   708.7  1635.6  2763.9  51262.4    51197
read      321.9   216.5    74.4   124.1   139.5   281.4   373.1   422.7   456.2   493.2   537.9   605.1   794.5  2758.3  6490.5  59545.4    59442
read      292.4   167.1    80.4   126.3   142.0   279.0   339.0   373.4   396.2   421.4   451.0   493.2   580.7  1668.7  7070.6  35678.0    35654
read      559.9   907.2    80.4   138.3   155.9   276.2   336.1   377.3   417.8   502.6  1456.3  2725.1  4336.5  7866.3  9685.1  78883.8    78747
read      287.8   138.5    74.4   125.6   140.4   273.1   334.9   371.0   395.0   421.5   453.4   498.4   587.4  1133.2  3720.7  42233.0    42212
read      300.7   138.4    74.4   125.1   140.6   281.5   356.4   397.1   423.9   453.0   487.2   536.0   635.8   957.5  1790.2  52564.2    52488
read      286.1   115.7    74.4   126.6   142.1   276.4   335.2   369.2   392.0   416.7   445.7   487.3   562.0   679.0  1292.6  36942.8    36950
read      261.0   101.0    80.4   139.1   155.0   255.7   293.6   313.6   328.2   345.5   370.0   404.4   474.2   598.9  2255.3  16737.0    16762
read      465.6   742.2    80.4   133.7   149.6   265.4   324.9   364.0   398.5   453.8   607.3  2157.6  3866.1  7568.2  9667.3  79354.4    79473
read      308.4   187.1    74.4   128.0   142.8   274.4   350.0   396.8   428.1   463.6   505.6   569.7   782.0  2033.8  4704.5  61551.4    61431
read      368.1   534.9    80.4   130.5   144.8   250.2   310.6   348.3   382.8   430.2   506.3   736.8  3034.8  5516.4  8112.5  87252.4    87172
read      311.0   301.1    80.4   139.8   155.4   255.4   310.1   341.3   365.5   395.1   435.0   519.0  1714.0  3374.7  7704.7 107998.4   108181
read      278.0   154.7    80.4   127.9   140.7   238.4   303.3   341.3   373.1   414.2   468.7   550.5   764.2  1337.6  2989.6  80516.2    80515
read      310.2   178.2    80.4   129.7   145.4   286.8   356.7   396.1   422.6   452.5   489.3   543.7   704.0  1893.6  4787.0  37202.6    37149
read      262.3   114.1    86.8   143.4   158.2   251.8   290.7   311.6   326.6   345.3   371.5   409.6   502.9  1182.3  4019.0  13395.2    13444
read      437.3   698.7    74.4   129.8   144.4   263.1   329.6   373.3   408.5   456.8   537.7  1641.7  3827.4  7539.7  8561.5  71840.2    72057
read      276.5   148.4    74.4   125.6   138.2   244.7   309.7   348.1   380.6   417.4   462.8   527.8   666.1  1401.1  2906.2  70154.0    70041
read      299.5   198.8    80.4   130.8   144.2   241.6   308.2   356.2   400.8   462.9   541.0   657.8   936.2  1790.0  4070.3  90114.2    90162
read      322.4   186.0    80.4   128.9   144.4   287.1   374.5   423.1   456.0   492.8   537.1   600.9   757.6  2175.4  4014.9  52137.6    52082
read      300.2   150.3    86.8   138.4   155.5   286.5   343.7   376.9   398.4   422.4   450.9   492.8   592.3  1592.8  5067.2  24325.4    24258
read      489.4   771.0    80.4   134.4   150.8   280.5   351.7   399.8   438.7   495.7   622.7  2449.4  3993.5  7606.7  9212.7  71951.4    72013
read      321.9   211.4    80.4   128.5   143.2   275.3   354.8   405.9   443.4   486.9   544.1   642.6   977.8  2352.5  4334.2  57876.8    58012
read      321.8   173.7    80.4   129.1   145.1   293.2   376.4   420.6   450.4   483.6   525.0   584.9   746.4  1669.7  3444.8  45423.0    45398
read      336.7   193.0    80.4   129.2   146.1   304.2   398.9   445.4   475.6   509.3   550.2   615.1   786.3  2270.8  3396.6  50199.4    50177
read      312.2   173.0    80.4   130.2   146.6   293.4   365.1   401.8   426.1   452.8   484.8   533.7   676.7  1736.5  3651.2  34510.4    34504
read      449.2   604.1    74.4   132.2   147.9   272.7   344.2   397.4   449.2   544.4   876.8  1657.1  2965.6  6922.0  8095.2  65898.2    66010
read      296.1   171.6    80.4   131.2   144.7   255.2   323.7   369.0   404.9   450.7   507.2   591.6   781.3  1600.6  3687.5  73820.8    73937
read      322.3   196.7    80.4   129.3   144.5   282.1   366.8   416.8   451.4   491.4   540.8   619.0   848.7  1978.5  5219.4  54995.4    55020
read      310.4   151.1    80.4   125.2   141.1   286.9   369.0   411.9   440.0   470.3   508.0   563.3   682.3  1111.4  2746.4  53201.6    53235
read      419.5   656.7    80.4   133.7   150.0   263.3   321.7   359.0   390.2   434.5   530.3  1468.0  3629.9  7172.5  9364.3  97798.0    97743
read      206.7    94.9    93.8   138.5   146.4   191.6   215.6   230.3   241.1   253.8   271.8   304.3   428.1  1376.0  2619.2   5480.0     5419
read      257.5   159.1    86.8   136.2   150.5   242.0   280.5   300.9   315.1   332.9   357.5   397.7   545.3  2204.1  4372.9  14750.6    14764
read      220.3   187.0    86.8   136.7   146.2   201.0   229.0   244.7   255.7   269.9   289.5   321.1   452.8  2281.0  7336.6   7430.6     7451
read      316.7   238.9    74.4   119.2   134.2   284.2   367.8   410.5   438.2   468.4   505.2   562.3   771.8  3225.7  7362.3  48204.0    48208
read      257.5   122.1    86.8   133.8   148.8   247.5   287.7   308.9   323.7   342.9   369.3   407.7   499.8  1372.7  3224.6  16125.8    16149
read      398.1   597.9    74.4   127.7   141.7   259.6   323.0   365.2   400.6   449.3   524.0  1267.8  3305.0  6161.5  8110.4  78787.2    78989
read      264.5   101.3    86.8   135.1   151.1   256.8   298.4   320.7   338.0   358.8   385.8   424.3   500.7   838.7  2523.4  18907.8    18886
read      379.3   556.7    74.4   125.1   138.7   248.1   310.3   347.2   379.8   423.2   493.5  1312.0  2933.0  6216.3  8072.9  75890.8    75954
read      300.7   178.2    80.4   122.2   136.8   275.6   346.2   388.3   415.8   446.0   482.8   537.1   682.4  2206.2  4056.6  44298.6    44409
read      262.2    93.0    80.4   136.2   151.9   255.5   296.5   317.4   333.3   351.8   376.8   414.5   497.4   876.6  1787.0  16495.8    16431
read      440.3   677.9    80.4   135.4   151.4   274.6   341.7   385.2   422.5   477.3   593.7  1521.6  3756.1  7322.3  9002.5  85550.0    85707
read      317.7   217.3    80.4   127.6   142.1   275.0   351.5   400.4   434.4   473.8   524.4   606.4   949.3  2722.2  4023.5  58234.6    58253
read      339.4   428.2    74.4   135.3   150.5   253.7   311.8   344.5   370.3   401.4   448.3   578.8  2855.5  3890.1  8026.1 103860.8   103867
read      277.5   126.3    86.8   135.4   152.8   266.6   311.9   336.9   356.3   379.3   405.8   446.5   539.8  1558.8  3004.0  21528.8    21604
read      406.1   599.8    80.4   133.2   148.8   263.3   327.8   370.3   406.2   460.3   557.7  1245.3  3404.5  6297.9  8561.1  90306.6    90401
read      285.8   176.3    80.4   127.0   139.8   241.4   308.9   351.0   388.2   433.6   492.6   581.6   807.0  1731.7  3891.8  84308.6    84467
read      300.7   310.8    80.4   130.5   144.5   238.1   296.9   330.3   356.0   390.3   442.6   580.4  1576.3  3608.5  7942.9  99850.0    99700
read      283.6   126.7    80.4   125.0   141.0   269.5   324.2   357.5   381.8   407.4   437.4   483.0   591.5  1221.9  2146.4  31899.8    32052
read      266.7   106.2    86.8   134.5   150.3   258.8   301.6   323.6   341.2   362.6   389.0   426.6   504.2  1127.4  2009.9  18141.6    18173
read      413.9   525.4    80.4   129.9   145.2   270.2   343.2   396.9   446.3   528.3   707.0  1360.1  2765.9  5099.0  8050.2  67975.6    67789
read      331.4   214.6    80.4   126.1   142.0   295.2   388.4   435.2   466.3   500.6   541.6   603.9   822.4  2452.4  5465.6  51954.6    51929
read      347.2   485.0    80.4   125.9   139.8   245.2   308.6   350.0   385.4   428.6   486.7   615.5  2883.8  5334.1  8022.1  83807.6    83850
read      267.1   119.8    80.4   133.6   149.5   255.5   297.6   319.5   337.6   359.6   388.0   429.5   548.8  1517.0  3160.3  18602.8    18614
read      284.1   130.3    80.4   123.3   139.1   271.2   328.0   361.8   384.7   408.4   436.2   478.4   584.1  1306.3  2284.2  29362.2    29315
read      462.9   671.3    80.4   144.1   163.8   297.9   364.8   410.7   452.6   513.2   622.6  1579.5  3687.5  7043.0  8989.9 108077.4   108090
read      287.4   147.2    80.4   129.9   146.5   272.5   325.0   356.3   379.1   403.3   434.1   478.2   592.6  1757.6  3656.5  27004.4    27024
read      318.4   215.4    80.4   121.5   137.2   285.3   372.2   415.5   443.9   474.6   511.9   571.2   786.8  2733.1  5100.8  49721.8    49907
read      226.7    88.9    86.8   137.7   148.6   216.4   247.5   264.0   275.3   291.4   311.9   343.8   430.6   827.5  2466.4   9137.8     9150
read      305.6   236.9    74.4   123.7   139.9   281.4   348.7   386.5   410.5   436.2   468.2   519.8   789.1  2173.6  9821.9  34164.4    34328
read      324.3   251.5    80.4   119.9   135.2   285.7   377.0   421.7   451.2   483.6   523.3   583.3   829.2  3376.1  7637.3  51941.4    51881
read      254.9   105.0    86.8   137.1   152.0   245.8   284.2   304.0   318.3   336.9   362.0   399.5   487.7  1275.9  2897.8  14569.6    14569
read      390.9   656.2    74.4   129.2   143.9   253.8   314.5   353.7   386.8   429.6   492.7   716.1  3670.9  7629.2  8752.1  81364.8    81517
read      269.7   162.8    74.4   125.9   139.0   234.2   294.2   330.7   361.1   399.0   445.6   508.8   650.1  2076.5  3455.0  78782.2    78694
read      272.0   172.2    80.4   128.1   141.4   232.7   290.0   325.9   357.7   399.9   454.8   530.2   695.4  2098.7  4598.6  93392.4    93409
read      306.4   230.3    80.4   122.3   137.7   277.7   345.8   384.5   409.1   437.2   471.4   527.2   850.6  3150.3  7724.9  39103.4    39093
read      267.3   117.0    80.4   133.1   149.0   257.6   300.9   323.8   341.5   363.6   390.5   428.4   521.0  1388.1  3031.1  18719.0    18729
read      336.5   379.6    80.4   124.3   138.0   251.2   317.1   360.8   396.8   443.4   516.3   783.0  2050.1  4318.3  7892.5  70814.6    70818
read      277.2   147.4    80.4   130.5   147.1   263.7   311.6   338.4   358.8   382.3   409.3   451.3   562.1  1807.0  4291.9  21884.8    21942
read      448.5   727.0    80.4   134.0   150.7   277.8   347.7   394.7   432.6   488.3   585.7  1444.8  3932.7  7598.9  9472.2  92008.2    91810
read      299.5   189.4    74.4   122.9   138.1   275.4   341.7   381.0   406.4   435.2   468.5   519.8   678.0  2532.4  4356.3  39272.4    39588
read      321.4   317.0    80.4   120.7   136.1   283.1   360.2   400.4   426.5   455.1   490.3   544.1  1140.3  4146.8 10764.1  41046.2    40957
read      325.6   248.7    74.4   123.7   138.6   271.4   355.9   410.2   448.2   491.8   546.4   638.9  1137.4  3036.2  6292.9  62812.4    62645
read      262.4    97.4    80.4   138.2   153.4   254.6   294.9   315.7   331.5   350.0   375.8   413.6   498.1  1070.1  1967.3  15529.4    15539
read      549.6   751.6    86.8   178.1   206.8   364.7   451.0   512.0   564.1   632.3   748.3  1623.6  4261.1  7688.8  9349.3 107530.2   107672
read      305.7   204.2    80.4   131.5   148.1   283.5   343.8   381.5   406.3   434.1   468.2   521.3   686.8  2287.1  8626.5  33018.0    32954
read      352.2   289.0    80.4   130.7   146.5   286.3   372.7   429.5   472.6   528.0   601.2   739.8  1339.3  3556.8  7432.3  58840.4    58866
read      299.8   144.2    80.4   137.8   155.1   286.2   341.3   373.4   394.6   418.4   447.0   491.6   623.2  1737.5  3058.1  23632.4    23739
read      331.6   235.9    80.4   128.3   144.0   286.8   374.2   424.7   459.6   500.0   550.1   634.5   942.3  2836.5  7571.1  54613.4    54701
read      355.9   309.5    74.4   130.7   146.0   274.1   350.4   404.7   453.5   524.6   638.7   865.6  1590.9  3006.0  7581.9  60672.2    60706
read      393.7   578.6    80.4   130.1   144.3   260.9   326.2   370.2   406.0   453.4   526.0   978.4  3179.8  6182.7  8091.9  72231.2    72350
read      335.2   242.4    80.4   129.8   144.5   276.9   355.2   409.4   450.2   502.7   578.0   727.2  1218.5  2319.6  5437.4  58485.0    58661
read      311.2   150.3    80.4   130.9   147.2   292.1   363.9   402.9   429.4   458.5   493.5   543.5   650.4  1418.8  2764.3  34921.8    34912
read      417.5   614.9    74.4   136.7   153.6   276.9   343.5   386.3   420.7   466.6   539.9  1276.0  3398.3  6308.2  8097.2 103232.6   103268
read      307.6   172.3    80.4   129.4   145.0   283.0   350.8   392.2   420.1   451.8   490.6   546.2   695.7  2034.5  3722.6  38678.8    38703
read      487.4   741.7    80.4   139.8   157.3   290.6   366.7   418.2   461.7   528.0   686.1  1867.4  4004.2  7562.2  8123.2  83334.0    83358
read      310.6   190.0    80.4   126.8   140.9   270.6   346.4   396.1   431.2   470.6   523.4   610.2   867.3  1799.2  3867.9  57454.4    57408
read      345.5   311.2    80.4   135.6   150.9   264.0   334.6   388.1   436.0   508.5   616.2   806.0  1526.8  3369.5  7671.9  86947.8    86837
read      304.6   171.8    80.4   131.3   147.8   283.8   345.5   383.6   408.5   436.6   471.3   526.1   664.1  2238.6  4474.8  33358.8    33517
read      449.4   620.2    80.4   130.9   146.5   270.9   343.1   396.8   445.4   540.7   851.6  1625.0  3079.1  7089.2  8098.6  66054.0    66204
read      416.0   653.6    80.4   130.3   145.0   261.7   327.0   370.8   406.1   455.0   532.7  1399.0  3626.6  7352.9  8111.0  73374.2    73758
read      291.9   287.4    74.4   129.1   142.5   232.1   287.9   319.3   342.9   373.2   417.8   537.0  1572.5  3320.1  7247.8  99769.2    99742
read      243.3   110.1    80.4   128.2   140.9   219.9   269.2   298.2   318.6   342.6   373.6   421.4   526.9   986.4  3470.5 109410.8   109462
read      267.9   185.8    80.4   127.3   140.2   226.9   282.9   314.3   337.4   366.5   406.3   491.7  1035.1  2030.2  4346.1  94516.4    94453
read      322.6   194.7    80.4   129.2   145.3   292.2   372.2   416.1   446.2   480.0   522.5   584.9   746.4  2455.8  4677.3  44084.2    44096
read      402.4   612.8    74.4   134.0   150.0   262.6   325.0   362.8   392.8   431.0   493.8  1380.6  3448.5  6760.1  8123.6 100480.2   100467
read      233.5    86.8    93.8   146.0   157.7   222.6   253.5   270.8   284.0   299.2   318.9   354.4   433.8   827.9  1971.7   8588.2     8576
read      343.8   259.6    74.4   128.3   143.4   281.4   365.1   422.5   466.7   522.0   598.0   749.5  1275.7  2537.6  6357.5  59299.2    59359
read      229.1   111.4    93.8   146.0   157.0   217.1   245.5   262.0   273.8   289.2   308.8   341.2   434.5   985.6  3820.6   7664.8     7614
read      376.1   353.2    74.4   130.5   146.0   280.2   363.4   427.9   489.3   574.5   700.1   953.1  1726.2  3111.9  7654.0  60232.4    60329
read      318.4   204.3    80.4   127.7   143.1   287.7   366.4   409.6   439.0   471.9   513.7   576.7   764.0  2269.4  6338.9  43703.4    43762
read      405.4   524.5    80.4   128.7   143.1   259.0   327.7   376.6   418.7   479.7   680.7  1465.4  2685.5  5014.2  8094.9  67170.2    67038
read      295.6   123.4    86.8   134.1   150.7   281.8   339.9   374.0   397.0   423.0   454.9   501.6   611.3  1051.5  1637.5  26083.8    26095
read      480.5   743.4    80.4   130.8   146.0   267.8   336.7   385.7   428.0   492.4   730.4  2241.7  3783.8  7625.5  8960.1  71309.2    71173
read      310.7   331.9    80.4   138.0   153.2   253.1   308.7   340.0   364.1   393.4   432.6   508.2  1737.3  3674.1  7832.8 109493.4   109276
read      265.5    97.7    86.8   150.1   165.5   254.8   292.6   312.8   327.6   346.1   373.0   413.2   509.2  1083.6  2275.9  13135.2    13150
read      303.7   216.1    80.4   126.0   139.7   260.4   328.2   374.3   408.7   449.1   500.6   589.8   993.4  2621.7  4706.0  61225.0    61250
read      303.9   217.7    80.4   129.9   143.4   245.1   313.2   362.1   403.9   462.1   537.5   654.0  1027.4  2419.4  5259.3  84475.8    84472
read      292.8   209.9    80.4   127.9   140.8   241.0   308.5   353.8   393.1   443.2   507.8   608.0   878.7  2285.3  6330.2  82393.4    82226
read      295.9   142.2    80.4   133.8   150.5   280.5   337.0   370.6   394.0   420.2   451.7   498.1   614.8  1487.3  2898.8  27695.8    27671
read      404.4   608.7    80.4   134.6   150.9   269.8   334.1   373.2   404.7   450.9   535.1   868.6  3491.5  6939.9  8127.8  98496.8    98736
read      264.6   122.9    80.4   134.8   149.5   241.6   295.1   324.4   345.8   371.9   403.7   456.0   585.5  1207.9  3160.1 106047.2   106314
read      261.1   115.1    80.4   133.6   148.0   238.7   292.4   321.1   342.4   368.1   400.0   449.9   565.5  1099.6  2441.1 105000.0   105027
read      247.1   111.5    80.4   127.6   140.3   223.8   277.7   307.8   328.1   351.7   382.6   426.7   523.4  1047.1  2345.2  96754.4    96867
read      265.4   152.3    80.4   128.1   141.0   230.6   288.1   321.7   349.4   385.6   432.2   504.5   673.8  1677.4  4055.7  89265.6    89493
read      320.5   194.9    80.4   127.6   142.8   283.8   367.6   415.4   447.7   484.7   531.6   604.8   810.4  2192.4  4518.3  50560.6    50538
read      287.9   117.2    80.4   136.5   153.1   277.1   329.2   359.7   380.6   403.0   430.7   469.8   567.8  1105.9  2344.9  22101.0    22083
read      342.4   231.7    80.4   130.7   147.7   306.4   400.2   446.9   478.1   513.1   556.9   625.8   823.0  2554.6  7189.5  48696.8    48618
read      399.2   585.9    80.4   135.9   151.7   268.8   331.1   372.1   407.1   455.9   533.2  1037.1  3436.4  6881.9  8125.2  94607.4    94298
read      275.8   145.0    80.4   125.3   138.1   247.2   311.5   349.1   380.1   415.3   458.0   519.0   643.2  1210.8  2397.6  63539.6    63579
read      273.8   151.0    74.4   124.3   136.8   245.7   308.7   345.3   375.9   410.8   453.9   513.8   639.1  1220.7  3684.9  64875.0    64573
read      297.2   191.9    80.4   130.2   143.3   249.7   317.3   364.7   402.4   451.3   512.7   606.9   852.2  2396.9  4139.5  77329.2    77178
read      298.0   146.0    80.4   131.4   147.7   281.7   342.2   377.7   400.7   426.8   458.4   503.7   615.0  1685.4  3238.0  29729.2    29824
read      346.4   372.7    80.4   129.8   143.8   269.0   341.0   390.1   427.8   475.9   542.9   711.8  1972.7  4802.4  8033.9  64341.4    64495
read      284.4   115.0    86.8   139.5   156.5   274.1   321.7   350.1   370.2   392.8   420.1   459.5   547.9  1145.9  2620.2  20940.2    20917
read      399.4   600.6    74.4   130.6   145.5   258.9   324.5   367.9   403.5   456.5   543.2  1061.5  3414.9  6937.7  8072.2  85545.8    85651
read      323.8   233.3    80.4   127.7   141.5   265.0   339.9   390.9   430.9   482.8   558.9   724.1  1210.7  1999.7  5264.6  62017.4    61935
read      322.3   177.4    80.4   127.9   143.5   288.2   375.8   422.9   455.5   492.5   538.0   607.1   780.7  1547.8  3607.9  50126.6    50216
read      342.4   431.9    80.4   129.2   142.9   258.3   326.1   370.9   407.1   453.1   513.4   629.8  2637.6  5409.3  7955.2  72233.2    72251
read      289.5   183.8    80.4   127.8   140.7   250.6   317.8   360.5   394.1   434.2   486.7   565.6   764.8  2274.4  4503.0  71787.4    71798
read      282.8   108.0    86.8   140.8   157.6   273.5   319.1   346.6   367.3   389.5   416.0   455.8   542.4  1069.3  1799.5  19711.6    19701
read      300.1   139.5    80.4   136.3   153.2   285.8   343.8   376.7   398.4   423.1   452.9   497.7   620.1  1473.7  3636.7  24955.0    24952
read      467.6   748.4    80.4   132.4   148.1   269.8   336.3   380.2   418.0   472.7   594.4  2023.1  3967.7  7512.1  8123.2  81629.6    81838
read      299.7   174.1    80.4   135.4   152.2   283.3   341.8   376.4   398.7   424.7   456.1   501.6   599.6  1539.1  7703.6  26668.8    26648
read      292.8   186.4    80.4   131.5   147.8   274.8   328.4   359.8   381.1   403.6   432.5   476.0   641.4  2573.0  5720.7  24726.8    24837
read      326.6   357.4    80.4   129.5   146.0   280.1   339.0   374.4   397.9   425.1   460.3   521.7  1602.7  5369.7  7942.9  29438.8    29420
read      290.5   272.1    74.4   131.2   145.5   237.1   293.5   326.7   353.0   388.5   440.8   569.8  1226.7  3350.6  8667.4 103699.0   103882
read      250.0   116.8    80.4   124.0   136.7   230.0   287.9   316.0   335.6   358.9   388.7   431.7   526.4   924.3  2617.5  70488.8    70314
read      303.6   211.7    74.4   124.2   138.2   262.1   330.1   375.4   409.9   451.2   505.1   602.3   919.9  2517.9  4971.1  61623.6    61679
read      324.1   180.0    80.4   124.9   141.1   294.8   387.0   431.1   460.3   493.0   532.1   587.5   731.9  1806.5  3390.1  49677.0    49557
read      273.7   112.3    86.8   136.3   152.7   264.4   309.8   335.5   354.8   376.3   401.9   437.4   518.9  1159.8  2339.5  19299.2    19325
read      231.7    99.9    93.8   140.1   151.7   221.0   252.0   269.3   282.0   296.5   316.0   347.2   434.0  1218.7  4098.8   9164.6     9128
read      465.3   751.9    80.4   139.3   156.9   280.9   343.0   381.9   413.8   460.6   566.1  1803.3  4028.7  7709.3  9556.9  94988.2    94933
read      252.8    91.2    80.4   138.8   154.3   250.7   284.2   301.8   314.4   329.5   347.9   379.4   444.0   550.1  2828.0  24459.0    24327
read      248.3    97.4    80.4   124.4   137.5   231.5   289.3   316.3   335.0   356.7   383.9   422.7   494.0   592.3  1530.3  72245.6    71896
read      246.6   107.9    74.4   127.1   140.1   225.3   279.8   309.7   329.8   352.8   382.2   424.1   502.3   666.6  2336.2  93840.8    93771
read      249.0   102.2    80.4   141.5   157.1   245.1   276.9   293.9   306.3   319.5   338.3   367.3   433.1   572.3  3463.3  20425.0    20452
read      254.7   100.7    74.4   128.4   142.7   251.4   295.2   315.9   330.9   347.5   371.0   404.1   468.0   563.8  2031.5  42213.0    42338
read      249.4   100.7    74.4   125.6   138.8   232.3   289.5   317.0   336.0   358.1   385.4   424.0   495.7   588.1  1514.4  72559.0    72627
read      246.2   101.4    74.4   124.8   137.8   226.7   283.1   312.2   331.8   354.0   382.5   423.3   498.8   627.4  2170.3  80531.6    80603
read      254.5    93.6    74.4   126.3   140.3   249.1   297.7   320.0   336.7   355.9   379.7   414.1   477.0   567.2  1230.4  49118.6    49049
read      243.6    95.1    74.4   126.1   139.1   223.2   277.0   306.8   326.8   349.5   378.3   419.7   495.0   594.5  1204.9  92544.4    92305
read      252.7   111.0    74.4   125.3   139.1   242.1   295.2   319.2   336.4   356.5   382.0   418.8   485.0   588.5  2270.6  57111.2    56889
read      246.6   102.0    74.4   124.7   137.8   227.5   284.8   313.3   332.5   354.5   382.5   422.1   494.0   598.7  2110.7  78214.8    78036
read      248.3   101.7    74.4   124.2   137.3   231.0   289.1   316.2   335.2   357.3   384.8   423.4   493.3   584.5  1922.5  71577.8    71583
read      249.6   105.9    80.4   124.9   138.1   231.8   289.4   317.2   336.5   358.9   386.4   425.2   498.9   610.6  3083.7  72535.4    72609
read      253.5   107.5    80.4   132.9   147.1   234.2   285.5   313.7   333.8   357.4   387.1   429.9   511.8   649.8  1439.1 107413.6   107382
read      243.3    99.8    74.4   124.2   137.2   222.9   278.4   308.3   328.1   350.5   379.3   420.1   494.3   593.3  1583.9  86407.0    86530
read      245.0    87.2    80.4   143.9   159.2   241.0   271.4   287.7   298.5   312.2   329.2   357.5   426.5   603.3  3163.0  16578.2    16550
read      249.5   104.6    80.4   128.1   140.9   228.9   285.4   314.9   335.1   358.7   387.7   428.6   503.5   631.2  1848.8  84661.0    84534
read      247.6   101.3    74.4   124.0   137.2   230.5   287.9   315.1   333.7   355.3   382.7   422.1   494.3   583.1  2091.0  72675.4    72631
read      254.7   101.4    80.4   126.8   140.7   248.8   297.1   319.1   335.5   354.3   378.1   413.5   479.4   587.9  2592.4  49408.4    49291
read      249.5    97.4    74.4   123.8   137.1   236.7   292.4   317.6   335.1   355.4   381.5   419.5   487.9   578.6  1523.4  62052.0    62175
read      247.6   101.9    74.4   125.4   138.6   228.5   285.1   313.9   333.7   356.5   385.2   425.4   499.9   613.0  1315.0  80319.4    80213
read      239.1    77.6    80.4   142.3   157.2   235.5   265.2   280.9   292.1   305.1   319.9   346.6   413.7   512.7  2113.8  16552.2    16566
read      254.2    99.4    74.4   126.3   140.2   246.1   297.2   320.4   337.3   356.8   381.5   417.4   478.5   571.5  2374.2  54035.6    53985
read      251.9    96.8    80.4   132.0   146.1   232.4   284.2   313.2   333.6   357.4   387.4   428.6   503.8   612.9  1218.9 102077.2   101949
read      257.1    92.4    80.4   145.2   161.4   254.7   288.1   305.2   316.9   331.6   348.9   379.3   441.3   546.8  3180.1  24086.4    24076
read      257.3   109.7    74.4   128.7   142.7   249.9   299.9   323.0   339.6   359.3   383.7   418.9   484.2   590.0  2011.1  52385.0    52574
read      242.5    97.1    74.4   128.1   141.1   222.6   273.0   301.8   321.0   344.1   372.7   413.7   490.8   611.0  2581.5 106179.6   106271
read      241.0   106.7    74.4   126.5   139.5   219.3   270.4   299.9   319.9   343.0   372.1   414.5   493.4   639.3  3149.8 105208.8   105451
read      241.1    98.2    74.4   123.3   136.1   220.8   276.4   306.1   325.5   347.5   375.1   415.3   488.3   586.9  1187.5  86110.4    86087
read      253.7    87.0    80.4   136.0   151.5   252.6   288.1   306.8   319.3   335.2   354.5   385.1   445.4   535.3  3017.9  29159.0    29108
read      252.5   108.9    80.4   131.2   144.9   231.5   283.9   312.7   333.1   357.0   387.0   429.8   519.7   915.6  2906.9 101164.8   101115
read      248.7   102.8    74.4   125.2   138.3   230.2   288.8   316.5   335.9   358.5   386.5   425.7   495.9   589.6  1495.0  74337.4    74326
read      248.7    98.3    74.4   125.5   138.6   230.1   288.1   316.8   336.1   358.5   386.6   426.0   496.4   586.9  1400.6  75740.8    75832
read      240.3   102.1    74.4   124.3   137.1   218.9   272.9   302.8   322.2   344.8   373.6   414.1   487.1   588.6  3184.1  94825.2    94901
read      240.9    88.8    80.4   143.4   158.7   236.7   266.9   282.8   293.7   306.8   321.1   346.9   413.2   529.3  3081.4  15779.0    15809
read      254.1    85.3    80.4   136.3   151.7   252.3   288.5   307.5   319.9   336.0   355.7   386.5   446.8   546.7  2313.0  28842.4    28874
read      254.0    94.1    74.4   126.1   140.1   247.4   297.2   320.0   336.9   356.1   380.0   416.0   478.9   571.3  1207.9  51954.2    51882
read      253.8    95.9    80.4   132.5   147.7   252.1   290.0   309.2   322.0   338.4   359.3   391.4   454.0   573.6  3317.7  32693.2    32653
read      258.7   107.3    80.4   130.2   144.8   255.4   300.3   321.1   337.0   355.2   377.7   409.7   467.7   555.6  4076.1  41751.0    41676
read      250.2    99.8    74.4   124.1   137.5   236.8   292.8   318.1   336.2   357.4   384.1   421.4   488.8   584.6  1630.4  62954.0    63019
read      245.4    97.1    74.4   127.7   140.8   225.0   277.5   307.4   327.7   351.1   380.3   422.4   500.0   626.3  1093.5  99191.4    99164
read      253.2   102.0    80.4   125.9   140.1   248.1   294.6   316.3   332.2   350.2   373.9   408.8   471.2   582.2  2579.1  46966.8    47055
read      249.7    96.5    74.4   123.4   136.9   237.1   291.9   317.8   335.7   356.4   382.8   420.4   490.5   589.1  1018.2  62375.8    62394
read      241.6   102.5    74.4   125.2   138.2   219.7   273.1   303.0   322.8   345.7   374.8   417.0   495.1   641.3  2748.1  98447.8    98519
read      255.6    90.1    74.4   134.1   149.4   254.5   293.0   312.3   325.5   341.3   362.1   392.7   455.0   539.2  1383.0  32126.0    32122
read      253.5    96.8    74.4   125.8   139.7   246.9   296.3   318.5   334.8   353.7   377.8   413.5   481.3   582.3  1658.2  49443.8    49464
read      254.1    94.4    80.4   138.9   154.4   250.4   285.6   304.0   316.5   332.6   353.3   388.1   460.6   584.8  2854.0  24011.2    24034
read      245.7    99.5    74.4   124.4   137.3   226.9   284.3   312.6   331.8   353.6   381.0   420.6   492.6   587.0  1893.1  77338.2    77363
read      242.2    97.4    74.4   124.9   137.9   221.2   275.7   305.5   325.3   348.0   377.3   419.0   493.6   596.2  1258.2  91734.0    91698
read      256.1   103.0    74.4   130.2   144.7   252.9   294.7   315.4   330.6   347.7   370.9   402.7   467.6   586.4  2504.7  39145.4    38997
read      247.2    98.0    80.4   127.1   139.9   227.0   283.0   312.7   333.1   356.5   385.1   425.3   499.0   599.5  1158.3  86053.8    86028
read      248.3   123.5    74.4   126.1   139.0   226.6   284.0   313.7   333.5   356.4   385.1   426.2   501.3   644.5  4162.8  83042.8    83012
read      238.7    81.4    80.4   143.9   158.9   234.2   263.1   278.5   289.7   302.5   318.6   345.3   408.3   521.6  3131.5  15044.8    15024
read      250.6    95.3    74.4   124.2   137.7   241.3   293.3   317.3   334.3   353.9   379.5   416.3   483.2   580.8  1160.8  56676.0    56640
read      250.0   106.6    80.4   129.5   142.9   228.8   282.1   311.4   331.7   355.7   385.8   428.0   508.6   824.7  2859.5  97214.4    97362
read      251.8   103.1    74.4   132.5   146.5   232.2   283.5   312.2   332.4   356.0   385.4   427.3   506.7   639.6  2538.4 107177.0   107412
read      251.3    97.2    74.4   125.1   138.6   236.6   294.3   320.5   338.9   360.1   386.1   423.2   491.3   584.2  1005.7  65047.4    65030
read      250.3   106.6    80.4   127.1   140.0   230.1   288.4   317.5   337.4   360.5   388.8   428.4   501.2   614.5  2915.9  79547.2    79278
read      255.6   111.5    74.4   126.9   140.8   249.9   297.6   319.4   335.6   354.2   378.1   413.7   479.7   582.9  2940.2  47692.6    47544
read      250.8    97.5    80.4   131.7   145.6   231.5   282.9   311.5   331.7   355.3   384.9   426.9   505.4   622.7  1379.6 105424.4   105368
read      252.6    98.8    74.4   124.5   138.2   242.8   295.8   319.8   337.3   357.8   383.6   420.4   488.1   584.5  1616.4  58052.8    58181
read      252.5   102.1    74.4   124.7   138.4   243.2   295.4   319.3   336.5   356.5   382.0   418.4   485.7   585.0  2117.8  57005.6    56960
read      238.5    78.8    80.4   144.0   158.5   234.6   263.9   278.7   289.7   302.2   317.9   343.9   407.0   507.1  2177.6  14815.6    14849
read      252.5   112.2    80.4   125.4   138.9   237.8   294.8   320.4   338.5   359.7   385.8   422.8   491.6   618.8  3162.7  63800.8    63672
read      253.0    94.3    74.4   126.6   140.5   247.9   295.7   317.4   333.4   351.5   374.0   406.6   469.1   551.0  1141.2  48296.6    48289
read      225.7    66.0    80.4   143.8   156.8   220.2   246.7   261.2   271.2   283.8   298.7   323.5   389.5   468.5  1969.4  11787.8    11797
read      224.0    83.6    86.8   143.0   155.8   217.0   243.5   257.9   268.3   280.4   296.3   321.2   389.7   487.3  2453.2  10739.6    10781
read      255.4   116.7    80.4   126.6   140.4   248.9   296.9   319.4   336.1   355.3   379.6   414.8   481.1   585.2  3097.0  49448.8    49362
read      242.4    97.9    80.4   127.0   140.0   222.0   273.3   303.0   322.8   345.9   374.8   417.1   492.7   605.6  1641.6 102262.2   102119
read      256.5    98.7    80.4   127.9   142.0   250.8   298.0   320.1   336.7   355.9   380.0   414.8   475.9   585.0  2468.4  46294.4    46213
read      247.3   101.6    80.4   128.8   141.9   226.6   280.2   309.6   329.5   353.1   382.9   424.6   501.6   619.5  2188.1  96999.4    97025
read      245.0    74.7    86.8   142.8   158.4   241.8   272.4   289.0   300.5   314.2   332.2   361.0   422.4   517.2  1736.4  18303.4    18351
read      250.5    85.2    80.4   140.8   156.7   247.7   280.5   297.3   309.6   322.4   341.1   370.3   432.5   554.9  2144.9  21384.0    21426
read      254.2    90.3    74.4   128.1   142.4   251.6   295.0   316.1   331.7   349.2   372.2   403.5   465.5   550.0  1335.0  42997.0    43013
read      250.6   107.0    74.4   125.0   138.4   235.1   292.0   318.1   337.0   359.1   386.2   424.5   494.1   587.7  1356.7  67445.0    67376
read      258.0   112.7    80.4   132.1   147.1   254.5   295.9   316.1   330.7   346.7   369.5   401.2   465.4   673.9  3771.2  35983.8    36043
read      206.9    70.8    86.8   140.4   150.5   198.5   221.7   234.5   244.3   254.5   270.2   294.5   361.0   482.9  3100.9   6193.4     6255
read      246.5   102.4    74.4   129.3   142.7   226.7   278.0   307.1   326.9   350.3   379.5   420.9   497.3   602.5  2072.7 102478.2   102499
read      254.2    76.9    80.4   138.8   154.2   253.1   288.9   306.9   318.8   334.3   352.9   382.1   436.9   518.6   806.2  26267.4    26263
read      253.6   102.2    80.4   125.3   139.0   244.2   297.2   320.8   338.4   358.8   383.9   419.7   486.8   584.4  1906.6  56903.0    56974
read      255.3    91.2    80.4   129.4   143.6   253.3   296.6   316.8   331.7   348.0   370.6   402.3   467.3   557.6  1456.7  40912.8    40869
read      255.7   104.3    74.4   128.0   141.9   251.0   297.4   319.5   335.8   354.2   376.8   411.3   475.5   576.5  2196.8  46727.6    46514
read      228.9    77.8    86.8   144.1   157.3   223.8   250.0   264.2   273.5   286.8   303.0   328.8   397.3   502.1  3884.1  11461.6    11431
read      252.2    97.2    74.4   125.0   138.6   241.3   295.7   319.8   337.4   357.7   383.1   419.7   485.9   579.5  1321.9  58537.2    58600
read      250.4   101.1    80.4   125.3   138.6   234.3   291.8   318.6   337.5   359.0   385.3   423.0   493.0   620.9  2264.9  68076.0    68058
read      254.4   101.2    80.4   128.1   142.0   245.8   296.4   319.5   336.3   355.5   379.3   415.0   481.7   586.1  2762.3  54426.2    54502
read      251.5   100.6    80.4   125.9   139.6   238.0   294.0   319.0   337.1   357.7   382.7   418.4   486.3   591.6  2094.2  64029.2    64022
read      257.6    98.9    74.4   129.0   143.3   250.7   300.9   323.8   340.4   360.1   384.1   418.2   478.8   590.2  2044.2  51909.6    52142
read      242.3    98.9    74.4   126.8   139.8   222.2   273.2   302.3   322.0   345.5   374.2   416.4   494.0   605.0  1445.0 101639.2   101375
read      253.9    88.3    74.4   129.0   143.4   251.4   294.1   314.9   329.8   346.4   369.0   400.2   462.6   560.7   969.7  40606.2    40606
read      254.0    95.9    74.4   127.1   140.8   249.0   296.5   318.6   334.8   353.0   374.5   407.3   468.4   550.5  2683.4  47417.2    47485
read      253.4    94.4    74.4   126.0   140.1   248.1   295.9   318.3   334.8   353.6   377.2   411.1   470.9   565.9  1169.4  48865.6    48977
read      256.5    95.7    80.4   130.4   145.5   254.1   295.9   316.3   331.3   348.1   370.5   401.6   464.6   570.8  2703.5  38634.6    38615
read      245.0    99.4    74.4   124.4   137.5   226.4   282.5   310.9   330.1   352.2   379.4   419.1   491.5   592.5  1380.4  80227.6    80279
read      249.2   101.5    80.4   125.7   139.0   230.5   288.4   316.8   336.5   359.1   386.7   425.0   497.3   606.5  1825.3  75736.0    75843
read      249.6   107.1    74.4   123.9   137.2   233.8   290.4   316.8   335.4   357.0   383.7   422.3   494.0   633.2  3078.0  67051.6    67095
read      255.5    92.3    80.4   129.3   143.6   253.1   297.4   318.3   333.6   350.5   372.0   402.7   464.5   544.5   825.6  41406.8    41325
read      252.2    95.3    74.4   125.4   139.1   243.6   295.5   319.0   336.3   356.1   380.4   414.4   477.3   566.2  1194.7  55738.8    55752
read      244.7   102.8    74.4   124.9   138.0   224.4   280.0   309.3   329.4   352.4   381.0   421.4   495.4   598.7  2315.1  85653.6    85561
read      237.5    76.3    80.4   144.9   159.5   233.5   261.7   276.1   287.4   299.3   316.3   342.8   405.9   510.0  3398.2  14146.4    14194
read      247.0   116.8    74.4   126.5   139.4   226.1   281.5   310.8   331.0   354.3   383.1   424.0   499.2   629.5  3400.3  87995.6    88002
read      241.0   100.9    74.4   123.7   136.6   220.1   274.4   304.1   323.9   346.6   375.4   416.3   488.7   591.7  2113.7  90559.8    90515
read      258.0    98.4    74.4   136.0   150.5   239.3   289.9   317.9   338.8   363.1   393.1   435.3   524.9   710.6  1345.1 109242.0   109283
read      252.5    79.0    74.4   137.2   152.6   251.8   286.7   304.6   316.7   331.8   349.7   378.0   436.2   534.6  1536.3  26732.6    26699
read      255.7    97.6    80.4   130.5   145.4   253.6   295.1   315.0   329.4   345.6   367.8   399.4   463.3   584.0  2728.6  37378.4    37400
read      245.1    74.0    80.4   142.5   158.1   243.1   273.1   289.5   300.7   314.0   331.2   358.2   419.2   508.9  1938.2  19228.4    19307
read      228.1    96.3    86.8   143.5   156.8   222.4   249.0   263.5   273.5   286.1   300.9   325.8   388.7   506.1  4490.0  11473.2    11527
read      245.2   105.6    80.4   125.2   138.2   224.9   281.5   310.3   329.7   351.8   379.8   420.0   494.5   607.0  2789.8  83637.0    83787
read      249.7    75.8    80.4   140.1   155.5   248.1   281.3   298.3   310.4   323.1   341.9   370.1   432.2   525.0  1087.8  22309.2    22209
read      244.2    99.3    74.4   122.8   135.8   226.6   283.1   310.7   329.4   350.9   377.6   416.6   487.3   584.4  2108.0  75263.0    75169
read      250.1   106.2    74.4   125.7   138.8   231.8   289.8   318.0   337.6   360.2   387.5   426.1   498.0   608.8  3040.7  73586.4    73833
read      246.9   112.2    74.4   128.2   141.1   225.5   279.7   309.5   329.7   353.4   382.5   423.7   498.9   620.4  3547.3  94354.2    94641
read      250.9    98.5    80.4   124.4   138.1   238.9   293.4   318.9   337.1   358.1   384.2   420.6   485.6   570.8  1510.4  61333.4    61338
read      243.9   105.0    74.4   126.0   138.9   222.9   277.4   307.2   327.0   349.9   378.5   419.1   493.0   618.3  2639.8  91838.2    91825
read      245.0    97.2    80.4   123.5   136.4   226.5   283.7   311.8   330.9   352.9   380.8   420.3   492.4   592.4  1256.1  77241.4    77235
read      256.2   100.2    74.4   131.3   145.8   254.6   295.8   315.8   330.4   346.7   368.4   398.9   460.2   547.8  2481.6  37544.4    37257
read      257.4    95.5    74.4   134.3   149.6   255.9   293.9   313.3   327.0   343.1   364.5   395.5   457.9   562.1  2661.8  31973.8    32057
read      247.4    96.3    80.4   130.5   144.0   228.1   278.4   306.9   326.7   350.1   379.4   421.1   500.5   630.2  1453.4 108734.6   108618
read      250.1   103.5    80.4   125.4   138.7   232.3   289.8   317.4   336.8   359.6   387.3   425.3   498.1   635.8  2487.1  72969.6    72930
read      255.3    94.5    74.4   128.1   142.2   251.9   296.9   318.2   334.0   351.8   374.3   406.2   471.9   578.5  1705.3  43604.4    43714
read      246.5    97.6    74.4   127.3   140.2   226.2   281.6   311.0   331.3   354.7   383.6   423.9   499.0   597.3   955.7  87446.4    87369
read      253.9   103.9    74.4   125.4   139.0   243.4   297.0   321.5   339.9   360.6   385.2   420.2   486.7   591.6  2271.5  56667.4    56640
read      244.1   105.0    74.4   127.2   140.2   223.4   275.8   305.8   326.2   350.0   378.6   419.6   493.2   600.4  1544.7  97256.8    97360
read      249.1   103.2    80.4   126.7   139.8   229.1   286.4   315.9   336.5   360.0   388.2   427.4   498.1   591.9  2197.3  80091.4    79788
read      228.1   102.3    93.8   143.8   156.9   221.4   248.3   262.9   272.7   285.3   299.9   325.8   391.0   662.9  4552.3  11357.0    11352
read      246.9    99.9    74.4   127.6   140.3   227.0   281.9   311.5   331.6   354.5   382.6   422.4   495.5   600.0  1853.4  87862.8    87962
read      256.1    88.8    74.4   129.7   144.2   253.9   297.4   318.9   334.3   351.2   372.4   402.4   461.9   544.6  1128.1  40744.8    40663
read      252.5   103.2    74.4   125.0   138.5   241.0   295.2   320.5   338.6   359.1   384.0   420.1   485.3   589.7  2862.3  59302.8    59386
read      255.8    93.2    74.4   127.3   141.3   250.4   299.2   321.7   338.5   357.7   381.3   414.6   475.2   566.6   690.8  48267.6    48302
read      245.2    71.3    80.4   141.5   157.5   243.9   274.3   290.4   301.4   314.0   330.5   357.3   417.1   496.8   949.0  19407.0    19398
read      246.9   103.6    74.4   125.1   138.3   227.2   283.0   312.1   332.2   355.3   383.9   424.9   501.5   635.0  2564.7  82066.8    82197
read      249.3   103.6    80.4   126.2   139.1   230.6   288.5   316.6   336.1   358.6   386.3   425.9   500.4   607.0  1641.4  77242.6    77387
read      250.5   109.7    74.4   125.3   138.6   232.1   289.6   317.2   336.9   359.9   388.1   428.6   507.7   649.0  1879.2  73067.8    72753
read      215.2    72.4    86.8   140.8   151.7   207.0   232.4   246.7   256.7   269.5   286.2   312.2   374.4   516.0  2295.9   7815.0     7720
read      254.7    90.9    74.4   127.9   141.7   251.4   297.5   318.8   334.8   352.9   374.8   407.5   469.2   557.5  1095.0  46265.6    46279
read      257.2    99.6    74.4   129.7   144.1   253.8   298.3   319.3   335.1   353.0   375.0   407.4   469.0   582.7  3225.4  42113.6    42102
read      243.0    99.8    74.4   124.9   138.0   222.4   276.9   306.6   326.5   349.4   377.8   418.3   493.0   608.3  2581.0  90671.4    90892
read      258.1   108.1    80.4   130.8   145.6   255.9   298.8   319.0   334.4   351.5   373.1   403.8   464.9   547.9  4197.9  39673.4    39976
read      252.1    96.3    74.4   125.1   138.7   240.5   294.7   320.3   338.6   359.5   384.9   421.3   488.5   573.8   839.3  61058.2    61084
read      243.3    76.8    80.4   144.0   159.2   239.7   269.6   285.4   295.9   309.6   325.7   353.3   419.6   615.8  2305.7  16775.0    16735
read      254.3    93.0    74.4   128.1   141.7   250.6   296.5   318.5   334.2   351.7   373.5   404.6   468.7   554.7  2060.3  45959.8    45909
read      256.2    80.1    80.4   137.0   152.4   255.6   292.9   311.6   324.2   339.7   359.5   388.9   446.1   531.5  1115.4  28978.8    28976
read      245.1   103.3    74.4   124.9   137.9   224.4   280.9   310.2   330.1   353.0   381.2   421.5   498.1   632.9  2537.1  84721.6    84704
read      250.3    99.6    74.4   131.2   145.0   230.5   282.4   311.2   331.4   355.3   385.1   427.1   505.6   628.6  1512.1 101752.6   101822
read      243.8    95.5    74.4   126.0   139.0   223.4   277.8   307.5   327.7   350.7   379.3   419.9   494.3   599.9   927.4  92443.2    92571
read      230.4    85.2    86.8   145.0   158.3   224.7   252.1   266.8   276.4   289.6   305.5   330.3   397.0   508.6  2770.0  12020.2    12106
read      250.5    97.6    74.4   124.3   138.0   240.4   293.2   317.5   334.9   354.9   379.4   414.9   476.2   567.6  1830.0  58401.0    58568
read      258.5    98.0    74.4   130.1   144.8   251.7   300.2   323.7   340.5   360.4   384.7   419.1   482.8   585.1  1936.9  51297.8    51319
read      255.3   105.1    80.4   147.5   163.5   252.4   284.0   300.5   312.2   325.3   342.8   370.3   431.7   581.5  5551.4  21565.4    21556
read      241.6   122.5    86.8   149.0   163.2   235.7   264.3   279.9   291.1   304.0   319.0   345.1   410.7   500.9  5496.0  14211.4    14191
read      255.0    84.6    74.4   136.5   151.9   253.5   290.3   308.9   321.1   337.3   357.1   387.3   449.7   562.5  2190.3  28932.6    29072

Total QPS = 57353.8 (91766144 / 1600.0s)

Total connections = 64
Misses = 0 (0.0%)
Skipped TXs = 0 (0.0%)

RX 22666236580 bytes :   13.5 MB/s
TX          0 bytes :    0.0 MB/s
Warning! Detected max cpu usage > 95%
CPU Usage Stats (avg/min/max): 100.00%,49.50%,100.00%
