Random waveform, supplied seed
Total number of intervals = 270 (6927, 52892, 98921, 61129, 40613, 53226, 38560, 103465, 104758, 94759, 37799, 8296, 69443, 12517, 43591, 20430, 93758, 10485, 16518, 83230, 5484, 55611, 20774, 96726, 32442, 73039, 74055, 51197, 59442, 35654, 78747, 42212, 52488, 36950, 16762, 79473, 61431, 87172, 108181, 80515, 37149, 13444, 72057, 70041, 90162, 52082, 24258, 72013, 58012, 45398, 50177, 34504, 66010, 73937, 55020, 53235, 97743, 5419, 14764, 7451, 48208, 16149, 78989, 18886, 75954, 44409, 16431, 85707, 58253, 103867, 21604, 90401, 84467, 99700, 32052, 18173, 67789, 51929, 83850, 18614, 29315, 108090, 27024, 49907, 9150, 34328, 51881, 14569, 81517, 78694, 93409, 39093, 18729, 70818, 21942, 91810, 39588, 40957, 62645, 15539, 107672, 32954, 58866, 23739, 54701, 60706, 72350, 58661, 34912, 103268, 38703, 83358, 57408, 86837, 33517, 66204, 73758, 99742, 109462, 94453, 44096, 100467, 8576, 59359, 7614, 60329, 43762, 67038, 26095, 71173, 109276, 13150, 61250, 84472, 82226, 27671, 98736, 106314, 105027, 96867, 89493, 50538, 22083, 48618, 94298, 63579, 64573, 77178, 29824, 64495, 20917, 85651, 61935, 50216, 72251, 71798, 19701, 24952, 81838, 26648, 24837, 29420, 103882, 70314, 61679, 49557, 19325, 9128, 94933, 24327, 71896, 93771, 20452, 42338, 72627, 80603, 49049, 92305, 56889, 78036, 71583, 72609, 107382, 86530, 16550, 84534, 72631, 49291, 62175, 80213, 16566, 53985, 101949, 24076, 52574, 106271, 105451, 86087, 29108, 101115, 74326, 75832, 94901, 15809, 28874, 51882, 32653, 41676, 63019, 99164, 47055, 62394, 98519, 32122, 49464, 24034, 77363, 91698, 38997, 86028, 83012, 15024, 56640, 97362, 107412, 65030, 79278, 47544, 105368, 58181, 56960, 14849, 63672, 48289, 11797, 10781, 49362, 102119, 46213, 97025, 18351, 21426, 43013, 67376, 36043, 6255, 102499, 26263, 56974, 40869, 46514, 11431, 58600, 68058, 54502, 64022, 52142, 101375, 40606, 47485, 48977, 38615, 80279, 75843, 67095, 41325, 55752, 85561, 14194, 88002)
Average QPS expected = 57479
Timestamp start: 1778399782208
Timestamp end: 1778401132566

#type       avg     std     min      p5     p10     p50     p67     p75     p80     p85     p90     p95     p99    p999   p9999      QPS   target
read      211.0   104.1    86.8   148.1   158.7   200.3   217.7   228.1   234.7   244.6   255.4   277.0   400.9  1937.9  2546.1   6828.0     6927
read      251.0   150.4    74.4   123.2   137.4   238.8   283.1   303.6   318.7   339.5   367.0   411.5   542.3  2004.5  4534.2  52886.4    52892
read      304.4   202.6    74.4   129.3   145.5   255.4   315.1   358.5   393.2   438.2   507.5   649.6  1041.0  1883.8  3791.8  99132.0    98921
read      239.1    90.8    74.4   119.8   133.3   229.9   279.5   300.7   315.0   332.6   355.9   392.4   464.9   592.3  1258.3  61181.6    61129
read      253.3   141.1    74.4   128.9   143.9   244.2   282.2   299.8   312.9   328.9   352.3   396.8   546.3  2067.5  4003.0  40546.4    40613
read      265.3   169.3    74.4   123.5   137.9   243.6   290.2   312.9   330.8   356.1   393.9   463.5   755.3  2336.4  3982.3  53102.8    53226
read      252.0   128.4    80.4   130.0   145.2   244.3   281.3   298.0   310.3   323.6   344.3   387.4   561.2  1789.7  3093.2  38643.8    38560
read      350.3   293.9    80.4   137.2   156.3   283.5   354.2   403.5   443.4   494.7   575.9   747.2  1475.0  3429.9  7440.0 103442.6   103465
read      248.0   104.0    74.4   123.0   137.3   230.0   280.1   305.9   323.0   346.0   381.2   435.6   547.9   778.7  1702.4 104750.2   104758
read      275.8   164.1    74.4   124.6   139.9   241.5   295.8   324.8   349.1   385.9   438.6   539.7   855.8  1652.5  3504.9  94780.0    94759
read      265.0   113.1    74.4   130.4   146.7   252.1   294.2   316.0   333.8   359.1   398.0   455.5   580.8  1082.4  2028.1  37856.4    37799
read      216.5    98.2    93.8   145.1   157.0   205.3   225.0   235.6   246.5   258.9   275.2   306.1   424.9  1549.8  3222.9   8232.8     8296
read      262.5   136.4    74.4   123.2   137.9   238.7   292.9   318.9   337.9   363.4   404.1   480.4   684.4  1391.5  3085.8  69238.4    69443
read      220.5    94.6    93.8   149.6   163.7   215.6   233.6   244.9   252.7   263.6   276.0   298.1   355.7   660.4  3379.3  12586.4    12517
read      242.5    80.1    74.4   128.3   143.2   240.1   281.1   299.7   311.6   324.4   340.6   366.6   429.4   539.3   966.5  43560.2    43591
read      230.3    60.2    86.8   142.7   159.5   229.6   252.8   265.8   274.3   285.8   298.0   318.0   362.6   509.7  1365.9  20396.8    20430
read      239.4   109.6    68.9   118.9   132.4   222.1   272.6   299.7   317.2   336.6   362.0   407.7   510.5   834.7  2491.5  93810.2    93758
read      234.1   138.7    86.8   149.2   163.2   221.5   245.7   260.8   272.1   286.1   303.1   331.1   443.4  1946.5  6423.2  10475.2    10485
read      258.9   123.0    86.8   140.9   160.7   247.3   286.4   305.7   318.9   335.6   358.6   399.6   498.4  1204.0  3749.7  16436.4    16518
read      293.1   370.7    74.4   120.8   135.1   233.5   289.1   317.4   336.9   361.9   401.8   485.1  2000.6  5004.1  7876.9  83351.8    83230
read      207.2    82.5   101.3   145.0   155.3   199.7   218.0   228.5   235.2   246.1   259.5   284.1   360.7   839.3  3957.2   5517.2     5484
read      256.7   129.9    74.4   123.5   138.2   241.3   292.0   314.6   329.9   346.4   372.4   430.8   640.2  1218.4  3794.1  55520.0    55611
read      270.5   107.0    86.8   138.3   158.5   257.4   300.5   322.6   339.6   363.0   396.1   440.7   542.6   956.9  2524.5  20780.2    20774
read      283.6   344.2    74.4   120.1   134.0   230.7   285.6   314.6   334.6   359.5   399.1   480.2  1668.4  4924.0  7838.8  96737.8    96726
read      247.3    84.8    74.4   129.1   144.5   242.4   281.5   301.1   314.0   329.2   347.4   385.9   468.5   613.2  1360.9  32433.8    32442
read      262.3   146.9    74.4   117.3   130.5   230.6   290.4   323.2   347.9   389.2   443.4   512.1   648.6  1502.7  3476.1  73022.6    73039
read      259.7   147.1    68.9   119.0   132.4   231.4   288.1   317.7   339.3   369.6   421.4   496.6   658.3  1524.3  3770.1  73991.0    74055
read      249.3    94.2    80.4   128.1   142.0   241.0   287.6   309.4   323.4   339.9   361.8   400.9   497.2   651.9  1862.0  51372.8    51197
read      250.2   149.5    80.4   123.0   136.9   234.5   284.4   308.1   323.1   340.0   362.4   403.6   540.7  1785.3  6828.4  59474.2    59442
read      257.2   111.1    80.4   129.1   144.3   248.9   290.9   311.9   326.4   343.7   371.2   421.5   505.3   904.4  3270.1  35655.4    35654
read      257.6   163.4    74.4   120.8   134.6   230.8   284.7   312.5   331.2   352.9   386.9   459.6   728.2  2039.2  4512.9  78862.6    78747
read      256.1    98.3    74.4   128.8   143.6   248.3   291.2   311.8   325.9   342.7   369.1   425.2   535.0   792.0  1907.0  42048.4    42212
read      266.3   117.9    74.4   120.7   134.5   251.0   304.5   331.3   351.4   383.2   427.7   485.1   590.0   838.7  1668.2  52443.0    52488
read      259.3   111.4    74.4   129.1   144.1   251.3   295.0   316.2   331.6   349.0   377.1   426.4   507.3   700.4  2964.8  37020.8    36950
read      258.5   116.9    86.8   141.9   161.4   248.2   286.6   306.3   319.1   335.9   358.7   399.1   486.9   900.5  3952.5  16737.0    16762
read      293.9   415.8    74.4   120.2   134.1   232.0   286.8   314.2   332.7   354.2   386.5   459.8  2615.6  5468.9  8070.6  79148.0    79473
read      241.8   100.9    74.4   121.4   135.4   230.9   281.8   305.7   320.4   336.9   357.1   390.7   471.0   638.2  3298.3  61303.2    61431
read      236.5   110.3    74.4   116.9   129.8   218.4   269.9   298.0   316.2   336.0   361.3   405.2   507.3   761.1  2525.2  87260.6    87172
read      249.0   117.2    74.4   122.5   136.8   228.7   279.0   306.7   325.5   346.7   378.7   436.2   564.7  1127.7  2860.5 108353.4   108181
read      239.1   109.8    74.4   117.6   130.5   221.9   274.3   301.9   319.3   338.4   363.0   405.9   508.9   873.2  2768.7  80462.8    80515
read      249.1    92.6    74.4   125.6   140.7   241.9   284.9   306.2   319.9   337.0   360.1   403.7   493.2   720.4  1596.0  37140.2    37149
read      241.3    98.7    80.4   142.9   161.2   231.8   262.7   280.9   293.1   307.7   325.0   354.2   439.3   956.0  3009.7  13434.0    13444
read      310.6   416.8    80.4   121.1   135.5   238.5   294.1   320.9   339.4   362.3   398.6   494.2  2596.4  5061.0  7994.8  71970.6    72057
read      243.3   100.5    74.4   119.8   133.3   229.9   283.7   309.6   325.7   342.9   365.8   403.2   497.7   680.9  1634.3  69730.4    70041
read      244.1   102.3    74.4   119.9   133.7   227.9   279.1   306.6   324.5   343.7   369.5   417.3   528.4   773.0  1556.2  90130.4    90162
read      266.6   248.0    74.4   124.3   139.1   246.0   295.2   317.6   333.6   351.8   379.9   443.1   599.5  4149.5  8540.3  51982.0    52082
read      280.0   224.8    80.4   134.0   154.0   260.3   306.9   330.8   348.4   374.4   411.5   458.4   557.8  2629.4  9128.8  24223.2    24258
read      306.2   444.6    74.4   119.5   133.3   234.4   288.0   315.0   333.1   354.2   386.4   469.0  2797.8  5493.4  8008.2  72198.0    72013
read      241.6    98.1    74.4   121.2   135.3   231.8   281.2   304.8   319.3   336.2   356.5   389.8   472.4   616.6  1619.0  57935.4    58012
read      257.5   132.0    74.4   121.1   135.3   241.0   292.0   317.4   335.3   357.0   391.0   447.8   572.7  1426.9  3877.9  45410.4    45398
read      254.7   128.7    74.4   119.9   133.7   239.4   291.9   318.4   337.1   360.6   396.7   451.5   543.7   801.1  2526.0  50094.0    50177
read      248.3    94.6    74.4   126.5   141.7   242.0   283.1   304.5   318.2   334.8   355.8   394.3   475.4   726.4  1794.1  34573.8    34504
read      298.6   289.2    74.4   120.9   134.9   250.3   313.7   348.7   385.3   435.4   496.5   587.1   899.6  4028.7  8713.0  65935.4    66010
read      258.1   189.9    74.4   120.3   134.4   233.5   287.9   314.8   332.3   352.0   379.8   436.6   650.4  2742.6  7536.7  73949.6    73937
read      247.4    90.2    80.4   123.9   138.5   240.9   289.5   311.4   325.5   341.0   361.1   393.8   479.8   630.0  1517.5  54980.8    55020
read      259.6   109.5    80.4   123.1   137.9   247.5   298.0   321.5   338.5   360.1   394.1   455.8   572.3   787.3  2245.5  53399.4    53235
read      269.2   240.3    74.4   121.8   136.1   233.0   286.0   314.3   333.9   358.6   398.5   480.4   925.9  3098.1  9637.3  98106.2    97743
read      206.9   121.3    86.8   145.7   156.9   198.9   216.1   226.2   232.9   242.4   254.2   276.6   347.8   918.6  7595.2   5413.6     5419
read      244.7   211.7    80.4   141.9   159.7   234.3   264.7   280.5   291.5   304.1   318.9   343.2   411.7  1328.1  8996.8  14713.2    14764
read      218.5   123.7    86.8   147.7   159.6   209.9   229.0   239.9   249.3   260.3   273.9   297.2   378.5  1523.2  4158.0   7469.4     7451
read      273.6   120.4    74.4   125.5   140.3   259.5   309.2   336.0   359.8   393.3   434.3   493.0   596.8   815.2  2144.2  48140.2    48208
read      265.3    97.0    86.8   148.5   168.5   257.0   293.0   311.7   325.3   344.3   373.8   412.5   482.0   590.3  3223.9  16069.2    16149
read      288.2   383.8    74.4   121.2   135.1   234.3   289.4   315.5   334.5   359.7   398.4   467.9  1795.3  5408.3  8209.1  78994.0    78989
read      259.6   123.1    80.4   141.4   161.1   249.4   284.7   302.9   315.9   334.9   364.2   408.0   495.3  1081.8  4961.5  18882.0    18886
read      296.2   382.9    74.4   121.4   135.7   238.9   293.8   318.7   338.5   364.9   402.1   475.4  2603.9  4633.9  7980.9  76092.4    75954
read      266.6   128.8    80.4   127.2   141.5   254.1   300.2   323.0   344.0   373.5   411.6   465.9   572.1   861.5  3684.5  44409.4    44409
read      261.4    92.5    86.8   144.1   164.1   251.4   288.0   307.2   320.3   343.0   371.9   411.0   495.0   835.8  1879.9  16434.6    16431
read      316.5   440.6    74.4   123.1   137.9   242.0   297.5   325.6   349.5   383.5   432.0   531.3  2782.1  5401.1  7979.5  85609.4    85707
read      245.1   109.6    80.4   122.7   136.3   234.2   284.8   306.6   320.1   338.1   362.6   401.5   487.3   650.1  3437.9  58085.0    58253
read      256.1   125.6    74.4   125.0   139.5   234.4   285.5   311.8   331.8   358.9   396.6   456.7   590.1  1111.3  3391.0 103664.6   103867
read      278.6   174.9    80.4   139.3   159.3   261.5   302.5   327.8   353.2   380.7   411.6   456.7   550.1  1444.5  7548.9  21538.0    21604
read      318.3   409.4    74.4   126.0   141.3   250.8   306.2   336.2   362.0   395.6   445.4   550.6  2641.9  5080.9  7965.4  90289.4    90401
read      249.8   105.2    74.4   121.9   136.0   231.8   285.8   311.2   329.2   352.8   386.8   436.3   545.2   766.3  1494.7  84483.0    84467
read      252.8   128.2    74.4   123.1   137.7   232.8   283.9   309.4   327.5   352.0   387.2   440.4   569.2  1324.3  3117.2  99680.4    99700
read      256.0    91.1    80.4   133.3   148.9   250.1   287.8   306.5   319.2   339.6   370.6   415.3   500.9   634.6  1457.9  31899.0    32052
read      273.1   113.4    86.8   143.8   164.4   259.8   298.6   319.7   342.0   367.4   396.0   435.1   539.7  1277.2  3736.7  18238.2    18173
read      319.0   473.3    74.4   121.6   135.7   238.6   293.5   318.1   337.6   364.0   402.0   495.2  2885.0  5467.9  8063.7  67787.2    67789
read      244.5    93.1    74.4   124.1   138.1   237.1   285.4   305.8   318.4   335.0   356.6   393.0   468.3   632.5  1497.5  51950.4    51929
read      241.4   102.4    74.4   119.4   132.5   223.1   276.4   302.9   319.4   341.7   373.1   422.6   520.5   701.9  1527.2  83982.0    83850
read      267.1    99.5    80.4   141.8   162.0   255.6   293.6   314.6   333.4   359.1   388.6   428.4   515.6   947.4  2174.4  18623.6    18614
read      314.5   150.4    80.4   135.4   155.7   291.1   362.7   401.7   426.8   454.8   489.5   540.9   670.3  1633.5  3028.6  29303.4    29315
read      356.7   373.9    80.4   139.6   158.9   287.3   355.6   402.9   439.1   482.5   543.0   685.1  1878.1  4986.5  7993.1 108335.4   108090
read      253.0   115.5    80.4   137.6   153.5   247.3   282.4   299.5   312.2   327.7   352.5   394.4   471.4   620.3  3857.5  27098.4    27024
read      292.9  1287.1    74.4   124.4   138.8   256.0   306.7   337.0   365.8   400.9   443.6   504.2   636.9  1750.4 103289.3  49773.2    49907
read      230.0    70.0    93.8   151.7   165.5   223.0   247.9   262.3   272.0   284.1   297.4   321.7   395.4   580.9  3041.0   9194.4     9150
read      314.3   213.5    74.4   129.1   147.8   286.5   355.6   397.8   425.3   455.6   493.2   547.2   693.9  2512.8  7994.4  34241.0    34328
read      281.6   170.0    74.4   120.9   135.0   256.6   311.0   345.3   377.1   413.8   459.2   530.6   700.5  1829.0  4763.2  51777.6    51881
read      249.0   138.6    80.4   143.1   161.3   233.1   264.8   281.4   293.3   308.4   328.5   369.3   525.9  2055.8  2938.7  14487.8    14569
read      287.3   355.2    74.4   120.4   134.4   234.2   289.7   315.3   334.7   360.5   397.6   464.1  2069.9  4613.3  7933.2  81283.6    81517
read      245.0   114.2    74.4   119.0   132.2   227.2   282.1   307.4   323.6   344.6   374.4   422.7   531.2  1046.0  2467.2  78679.6    78694
read      251.1   115.9    74.4   122.1   136.4   232.3   284.4   310.1   328.3   352.3   387.0   439.6   556.5   953.8  3444.7  93423.4    93409
read      256.7   106.9    80.4   125.5   140.0   248.6   291.2   312.0   328.0   350.7   384.9   431.2   522.4   843.4  2549.9  38852.4    39093
read      260.4   108.4    80.4   137.0   156.8   250.4   288.1   307.6   320.8   344.2   373.3   412.7   501.2  1130.2  3168.4  18792.0    18729
read      286.5   337.8    74.4   119.4   132.9   230.4   284.5   309.7   327.2   349.7   387.5   462.1  2100.6  3757.9  7877.8  70750.0    70818
read      268.5   100.6    80.4   135.3   154.9   258.0   298.8   320.2   342.7   368.9   397.8   435.9   523.3   878.7  1457.0  21956.0    21942
read      323.2   438.4    74.4   125.7   141.3   252.1   307.5   338.0   364.6   399.7   453.9   574.6  2574.1  6244.9  8110.5  91572.8    91810
read      260.7    99.5    74.4   129.7   144.8   253.7   295.2   315.7   332.8   356.0   389.8   435.1   521.6   729.9  1963.5  39597.0    39588
read      264.7   127.2    80.4   127.9   142.8   254.2   297.8   319.4   339.1   365.9   400.3   448.3   544.3  1097.2  3922.8  40823.8    40957
read      273.4   149.2    74.4   119.3   132.7   247.8   305.5   338.5   369.5   408.7   457.9   527.2   671.4  1153.7  4342.9  62696.2    62645
read      254.4   135.9    80.4   141.4   160.4   243.1   278.5   296.1   309.4   324.5   350.0   390.5   494.1  1245.6  5182.5  15478.8    15539
read      321.3   428.8    74.4   125.3   141.0   248.0   303.7   336.0   363.7   400.1   453.4   551.7  2693.2  5397.3  8004.7 107601.8   107672
read      249.5   103.1    74.4   127.7   142.9   242.5   282.7   301.5   314.7   331.6   356.5   399.0   481.1   937.8  2920.9  33026.6    32954
read      256.1   118.6    74.4   117.4   130.6   233.2   290.0   318.1   343.2   379.1   421.6   476.5   583.3   830.1  1767.6  58639.2    58866
read      280.7   133.6    80.4   134.0   154.6   265.8   310.8   339.1   363.2   389.4   419.4   464.1   582.9  1295.7  3708.1  23774.0    23739
read      252.3   120.8    74.4   121.9   136.1   237.4   287.1   308.7   322.7   341.4   369.9   427.1   632.6  1101.1  2182.8  54711.0    54701
read      241.4   112.5    74.4   119.8   133.3   229.5   280.2   302.5   316.3   333.3   355.3   393.8   481.4  1075.0  3646.6  60785.8    60706
read      240.6   101.8    74.4   118.7   131.8   225.3   278.6   303.4   318.8   338.3   365.6   410.1   502.2   683.2  1614.0  72340.4    72350
read      243.2   101.4    74.4   121.6   135.3   232.4   282.8   305.1   318.9   336.1   359.1   398.1   484.5   684.4  2693.1  58556.2    58661
read      258.6   102.9    80.4   130.0   145.5   250.9   291.8   311.8   326.7   346.9   380.4   426.3   513.3   743.1  2779.2  34970.0    34912
read      286.6   318.3    74.4   123.9   139.3   240.4   292.6   319.3   341.1   370.4   412.6   484.7  1413.5  3715.5  7961.0 103057.2   103268
read      256.0   101.2    74.4   125.6   140.2   247.9   291.0   312.2   328.2   349.7   384.3   430.3   515.5   745.5  2436.8  38932.0    38703
read      244.1   132.1    74.4   117.0   129.7   220.4   274.4   301.3   318.5   340.9   374.7   434.4   630.8  1265.1  4134.8  83401.6    83358
read      241.3    93.4    74.4   121.5   134.8   231.6   282.3   304.1   317.4   333.9   355.2   392.8   469.9   617.1  2023.9  57546.6    57408
read      240.1   112.2    74.4   117.8   130.6   220.8   273.0   299.7   316.6   337.9   368.6   420.4   537.4   934.6  3022.9  86953.8    86837
read      254.4    92.1    74.4   130.0   145.4   248.4   288.1   307.4   320.3   340.4   369.3   413.8   497.1   641.2  2203.5  33619.2    33517
read      272.7   150.3    74.4   117.6   130.6   242.2   302.7   337.3   371.0   413.5   465.1   540.7   691.3  1234.3  3438.5  66057.0    66204
read      252.3   133.0    74.4   119.9   133.5   231.5   287.8   313.2   330.9   353.3   387.0   439.2   602.1  1326.0  3497.1  73636.0    73758
read      246.1   111.0    74.4   120.7   134.7   227.9   278.8   305.0   321.8   344.1   375.9   428.9   544.2   928.7  2472.7  99562.4    99742
read      255.4   122.9    74.4   125.1   140.2   236.2   286.1   311.6   330.5   355.2   390.6   445.8   571.4  1069.5  3321.1 109312.2   109462
read      246.1   117.6    74.4   119.6   133.2   226.6   278.6   305.1   322.0   344.4   378.0   429.7   547.9  1118.6  2927.9  94285.2    94453
read      261.8   116.0    80.4   123.5   138.0   250.4   296.7   319.5   339.6   368.3   405.7   459.0   558.0   813.1  2964.6  44033.2    44096
read      271.6   259.7    74.4   121.1   135.3   232.1   285.5   312.7   333.0   360.8   401.6   476.3   888.5  3610.7  7479.5 100543.2   100467
read      218.5    67.4    80.4   146.1   159.6   211.4   232.6   246.3   256.2   268.2   282.8   305.7   374.6   669.6  2298.4   8635.6     8576
read      253.4   127.8    74.4   121.3   135.2   236.0   288.9   311.3   326.4   344.7   372.9   427.0   662.2  1269.5  3303.2  59058.8    59359
read      220.0   144.4    86.8   147.5   159.8   209.9   230.1   242.1   251.6   263.5   277.7   300.7   392.4  1822.1  8245.3   7674.0     7614
read      252.7   136.5    74.4   120.3   133.9   232.3   285.3   308.6   323.8   342.8   371.4   427.4   703.6  1648.9  2692.5  60246.4    60329
read      250.9    99.3    74.4   122.3   136.6   239.8   287.7   310.4   326.7   348.3   383.1   429.0   511.6   638.6  1450.9  43667.0    43762
read      267.8   206.7    74.4   116.5   130.0   232.1   291.8   323.8   355.2   396.4   443.0   512.2   678.1  2600.6  7526.0  66919.6    67038
read      238.6    76.8    80.4   131.0   147.4   234.5   269.5   286.4   297.2   311.2   328.1   358.1   425.8   561.4  1735.1  26172.0    26095
read      264.6   165.2    74.4   115.6   128.7   229.0   289.5   321.6   354.0   397.9   451.2   525.9   683.1  1818.2  4693.2  71082.2    71173
read      268.7   160.2    74.4   126.0   141.1   241.2   293.4   320.6   343.2   373.4   416.4   484.1   691.4  2033.6  4052.4 109401.6   109276
read      239.4    88.2    86.8   143.1   160.7   230.8   262.3   278.8   290.3   303.7   320.1   352.8   429.9   640.8  2950.0  13156.0    13150
read      264.2   182.2    74.4   121.3   135.1   235.1   289.6   313.5   330.4   351.2   386.4   459.2   912.6  2414.0  4881.0  61222.4    61250
read      241.5   132.4    74.4   118.0   131.0   221.3   275.1   301.9   318.5   339.2   368.7   418.4   528.7   997.7  3728.5  84539.4    84472
read      237.5   101.6    74.4   117.2   130.1   219.4   273.4   300.1   316.6   337.1   366.3   412.7   504.4   706.5  1516.1  82100.8    82226
read      241.7    83.0    80.4   130.9   146.8   237.2   273.1   290.2   301.9   315.2   334.3   368.2   440.8   597.7  1894.5  27659.6    27671
read      248.6   135.5    74.4   119.0   132.4   224.2   275.6   302.8   320.4   344.1   380.5   444.6   667.9  1466.7  3465.9  98610.6    98736
read      247.7   129.5    74.4   120.8   134.6   225.5   275.9   302.7   320.4   344.2   379.8   436.4   581.2  1536.2  3179.0 106218.2   106314
read      253.8   122.9    74.4   123.1   137.6   232.0   283.8   310.5   330.0   356.1   394.1   453.5   589.2  1106.3  3289.5 104924.0   105027
read      240.9   107.2    74.4   118.2   131.2   221.4   273.0   299.7   316.9   339.0   370.9   425.5   541.6   879.9  2060.5  96837.4    96867
read      242.1   104.5    74.4   118.9   132.1   223.2   275.8   302.4   319.4   341.5   373.2   426.9   539.3   758.5  1698.9  89371.6    89493
read      255.1   121.6    74.4   121.3   135.1   242.6   291.0   313.1   329.6   351.1   386.6   443.8   559.8  1129.9  3163.0  50663.6    50538
read      269.7   103.1    80.4   133.2   152.8   259.3   301.5   323.9   345.6   371.7   399.9   438.7   528.3   920.0  1959.9  22075.8    22083
read      263.0   133.5    74.4   119.4   133.4   242.3   295.7   322.0   346.8   381.1   420.3   475.5   607.9  1389.3  2873.5  48592.8    48618
read      243.9   127.5    74.4   118.9   132.0   221.7   274.2   301.5   319.0   342.8   377.6   433.6   581.2   939.4  4057.3  94285.2    94298
read      241.0   106.6    74.4   119.7   132.8   227.9   281.0   304.5   319.0   337.2   361.8   401.6   485.4   660.9  2088.0  63486.2    63579
read      239.6    98.5    74.4   119.2   132.5   226.7   280.3   303.9   318.2   336.2   360.1   398.1   474.3   618.5  1732.1  64632.2    64573
read      237.4    99.9    74.4   117.3   130.0   220.7   274.5   300.5   316.3   336.0   363.5   406.4   500.6   704.1  1703.9  77241.4    77178
read      243.7    85.8    80.4   128.9   144.4   238.5   277.0   294.9   307.4   320.2   342.1   380.4   451.2   642.4  1717.5  29774.6    29824
read      260.1   140.7    74.4   116.5   129.7   231.8   290.5   320.2   349.7   389.2   434.9   498.1   627.0  1158.4  2618.0  64437.2    64495
read      270.1   119.5    80.4   136.4   156.4   258.7   299.1   320.8   343.3   369.1   397.2   436.1   521.8   941.0  3218.6  20792.6    20917
read      310.1   427.4    74.4   121.6   136.2   238.0   294.2   321.6   344.6   376.8   423.6   509.3  2753.6  5306.8  8023.5  85493.8    85651
read      239.3    94.1    74.4   119.5   132.6   227.5   280.0   302.7   316.7   334.4   358.1   397.0   475.7   601.7  1494.9  62204.6    61935
read      258.1   165.0    74.4   122.0   136.0   241.5   289.7   311.3   327.1   348.5   384.4   444.9   603.7  1745.3  7828.2  50316.4    50216
read      255.8   134.5    74.4   120.8   134.6   232.8   287.8   313.2   332.3   358.0   395.9   460.7   651.2  1187.2  3670.7  72399.4    72251
read      246.3   124.8    74.4   120.0   133.4   230.0   283.6   308.0   323.7   344.0   373.7   420.8   521.3   930.6  3493.2  71803.0    71798
read      273.4   133.3    80.4   141.4   161.6   257.6   295.9   318.0   339.9   367.8   399.0   445.4   550.8  1567.1  4411.5  19596.0    19701
read      296.5   129.4    80.4   136.2   157.4   279.0   331.7   371.5   395.9   422.8   454.6   500.8   608.9  1115.6  2116.1  25136.8    24952
read      302.0   404.2    74.4   121.1   135.0   235.6   291.9   319.2   341.5   373.1   418.4   506.0  2599.7  5270.1  7984.9  81760.0    81838
read      256.1    92.5    80.4   138.7   154.8   250.0   285.4   303.0   315.6   333.2   359.6   400.9   485.2   800.3  2141.9  26660.0    26648
read      254.5   103.5    80.4   140.8   157.7   248.5   282.2   298.7   311.2   325.8   349.7   391.2   469.8   859.7  3533.7  24768.6    24837
read      258.6   112.4    86.8   134.4   150.3   251.2   288.7   307.5   320.1   341.3   371.5   414.5   499.9   997.7  3663.1  29357.2    29420
read      279.5   252.9    74.4   125.8   141.0   244.2   295.9   322.6   344.9   375.1   417.0   490.0   816.4  3567.3  8229.5 103738.0   103882
read      244.3   101.2    74.4   120.0   133.3   229.4   283.8   308.0   323.3   343.3   371.6   416.9   507.0   727.8  1414.6  70413.8    70314
read      250.0   108.8    80.4   122.9   136.9   236.9   290.3   313.0   328.8   347.6   377.1   420.4   507.4   705.0  3204.8  61828.0    61679
read      247.2    95.6    80.4   125.6   139.7   241.4   288.4   307.9   319.9   336.3   358.0   394.3   467.2   607.6  3103.7  49364.0    49557
read      274.3   112.0    86.8   141.1   162.1   261.1   300.7   323.2   346.7   373.3   402.6   444.5   539.5  1073.6  3013.4  19309.6    19325
read      233.8    82.2    86.8   149.7   164.2   225.2   251.8   267.0   277.0   290.1   306.7   335.4   415.2   855.0  3136.4   9200.6     9128
read      318.7   426.1    80.4   123.1   138.1   244.3   300.2   331.7   359.6   397.1   450.5   563.8  2714.1  5290.5  7982.5  94904.0    94933
read      253.1   115.5    86.8   139.3   155.4   245.4   279.6   296.0   308.6   321.8   346.3   389.6   476.9  1089.7  4446.2  24334.4    24327
read      253.1   143.4    74.4   120.7   134.2   231.4   286.1   311.1   328.7   352.0   387.1   439.5   597.1  1890.9  4419.7  71967.6    71896
read      254.3   118.1    80.4   123.0   137.6   234.9   286.5   311.9   331.1   357.4   393.6   448.7   580.8  1066.1  2572.1  93631.8    93771
read      275.0   106.4    80.4   140.4   160.8   260.5   300.6   325.5   350.9   378.8   409.1   455.3   556.2  1040.6  1687.5  20537.4    20452
read      276.1   158.7    74.4   126.2   140.6   257.6   305.3   334.7   362.3   395.8   434.5   492.8   629.3  1616.6  4743.1  42409.0    42338
read      249.1   142.6    74.4   118.8   131.7   226.4   281.0   306.6   323.7   346.5   381.6   437.2   620.1  1390.1  4362.0  72389.2    72627
read      242.5   106.2    74.4   118.9   131.9   223.7   277.2   303.0   319.4   342.4   375.2   426.8   535.6   826.5  1973.1  80441.4    80603
read      271.9   127.7    74.4   124.0   138.2   253.7   304.3   333.9   361.9   396.6   438.9   501.4   627.0  1005.7  2529.3  48990.4    49049
read      267.8   219.3    74.4   121.3   135.8   235.1   287.5   313.7   334.6   363.2   402.8   470.2   815.5  3182.2  7356.3  92445.8    92305
read      247.9   100.5    74.4   123.1   137.3   238.2   289.1   310.6   324.9   343.4   369.7   409.6   494.6   637.7  1588.0  56965.6    56889
read      246.0   113.3    74.4   119.8   133.2   227.6   281.7   307.3   324.5   347.3   380.7   429.5   540.0   860.2  2258.8  77962.0    78036
read      245.3   104.3    74.4   120.2   133.7   229.5   283.9   308.3   324.4   346.0   377.4   422.7   512.3   674.8  2005.0  71377.4    71583
read      244.7   105.4    74.4   119.8   133.0   228.3   281.8   306.6   322.7   344.6   375.4   423.1   520.9   741.2  2003.5  72651.4    72609
read      258.5   130.7    74.4   125.4   140.5   238.2   287.6   313.2   333.4   360.2   396.3   453.7   590.1  1473.9  3094.2 107293.2   107382
read      250.0   125.3    80.4   121.0   134.7   230.3   283.4   308.9   327.1   352.2   387.1   439.1   564.5   975.3  4705.2  86495.8    86530
read      264.4   111.3    86.8   144.2   164.1   251.6   287.5   307.8   323.2   349.3   379.3   421.4   518.3  1243.7  3048.1  16612.2    16550
read      313.0   435.5    74.4   121.1   135.4   239.1   294.4   323.1   348.1   382.3   428.9   526.0  2731.4  5556.8  8039.9  84417.0    84534
read      242.2   101.3    80.4   119.4   132.2   225.3   279.1   304.1   320.1   342.6   373.4   422.0   513.0   680.3  1559.4  72647.6    72631
read      244.4    95.5    80.4   124.5   138.3   237.8   284.0   303.4   316.0   332.5   354.9   392.5   467.5   627.9  3118.3  49513.8    49291
read      244.9   101.3    74.4   121.2   134.7   231.4   283.6   306.5   321.3   342.4   371.2   415.6   505.0   664.8  2370.4  62060.2    62175
read      245.0   106.7    74.4   119.9   133.1   225.8   279.2   304.7   321.9   346.8   381.9   433.4   542.2   782.2  1967.2  80149.0    80213
read      263.4    94.4    86.8   144.3   163.9   251.5   287.8   308.7   325.5   351.4   380.5   420.9   510.7   824.3  2475.1  16594.6    16566
read      259.4   136.8    74.4   124.0   138.2   242.4   290.7   312.5   328.6   349.6   381.8   436.7   711.5  1587.4  2603.5  53798.6    53985
read      251.3   109.1    74.4   122.7   137.3   232.8   282.7   308.3   327.6   353.7   389.1   442.1   561.3   930.7  1848.8 101849.4   101949
read      251.1   117.6    80.4   138.7   154.7   244.3   276.6   292.7   305.2   319.7   344.5   384.6   467.6  1060.2  5113.9  24080.0    24076
read      276.4   137.3    74.4   122.6   136.3   254.0   307.7   344.6   376.5   413.0   458.3   524.6   653.8   975.6  2800.6  52402.4    52574
read      279.9   245.0    74.4   124.4   139.3   240.6   292.8   322.2   348.4   381.9   427.1   503.9   933.3  3398.1  8010.7 106187.4   106271
read      258.0   134.4    74.4   123.8   138.3   233.3   285.0   312.9   335.9   365.7   404.3   465.5   622.7  1385.5  3636.3 105491.0   105451
read      242.5   114.8    74.4   118.6   131.3   221.2   274.2   299.6   318.4   344.2   378.9   432.1   548.0  1021.4  2565.7  86033.8    86087
read      257.2   122.5    80.4   134.1   149.8   250.3   286.2   305.5   320.0   342.7   370.9   412.3   497.7   748.3  3978.8  29077.6    29108
read      272.0   234.2    68.9   123.6   138.5   238.7   289.5   317.0   340.0   368.9   406.9   472.6   746.6  3465.4  7077.7 101002.0   101115
read      246.6   111.0    74.4   120.4   133.7   229.5   283.1   308.4   327.2   351.8   383.3   429.0   523.1   691.1  2275.7  74273.6    74326
read      247.6   105.9    74.4   120.0   133.5   230.2   282.9   308.3   327.8   353.3   385.6   433.3   538.6   813.9  1602.2  75965.0    75832
read      252.6   117.7    80.4   122.1   136.3   232.9   283.9   310.3   331.2   357.9   392.7   446.0   571.5  1061.7  2557.2  94889.0    94901
read      260.3    95.8    80.4   144.6   164.4   247.9   281.4   300.8   319.5   343.9   372.3   411.6   503.8  1041.4  2581.9  15842.8    15809
read      307.2   135.9    80.4   132.4   152.2   285.2   357.2   393.4   417.5   444.7   477.9   529.6   640.0  1239.6  2194.5  28648.6    28874
read      258.8   142.4    74.4   123.8   137.8   242.0   289.4   311.7   328.4   349.8   381.3   442.6   692.0  1363.8  4135.3  51608.6    51882
read      261.3   124.0    80.4   131.2   146.1   253.0   291.5   314.1   333.2   357.5   387.8   429.1   512.1   713.9  5446.9  32703.8    32653
read      270.1   123.9    74.4   126.5   140.5   255.6   301.8   333.4   359.0   388.9   424.4   473.7   581.1  1051.0  2854.3  41746.8    41676
read      284.3   161.0    80.4   121.9   135.6   249.3   311.5   356.9   392.7   435.2   490.7   570.8   727.2  1362.8  2720.3  62925.4    63019
read      292.8   272.6    74.4   126.8   142.3   250.4   302.9   335.6   361.5   393.6   437.1   520.2  1327.9  3537.1  8013.1  99088.6    99164
read      248.7   100.9    74.4   126.6   140.8   244.4   286.7   306.0   319.4   337.8   361.4   396.4   470.5   656.1  3093.0  46974.6    47055
read      246.3   108.8    80.4   121.3   134.8   233.9   285.1   308.4   325.3   346.1   374.1   415.6   497.1   660.9  2086.4  62175.8    62394
read      253.7   114.7    74.4   122.6   137.1   234.2   284.7   311.4   332.9   359.9   395.0   449.6   579.7   981.1  1884.8  98318.2    98519
read      266.0   122.5    80.4   132.7   148.2   256.6   294.3   318.6   339.3   364.1   394.1   436.1   531.5  1375.9  3550.9  32120.2    32122
read      272.5   126.4    80.4   122.9   136.5   253.6   305.6   342.3   371.0   403.3   446.0   504.7   621.2   863.2  1504.2  49527.8    49464
read      250.6    85.1    80.4   137.7   153.7   245.8   277.7   294.0   308.1   325.5   349.7   387.1   463.3   739.1  2194.7  24062.0    24034
read      252.7   175.1    74.4   119.6   132.6   225.9   280.4   306.9   327.8   355.1   389.8   443.6   630.6  2222.0  6281.2  76792.6    77363
read      249.4   129.4    74.4   120.7   134.1   226.9   278.7   305.3   327.1   355.1   392.3   446.9   574.1  1111.0  3877.5  91722.6    91698
read      266.0   133.0    80.4   128.1   142.3   254.6   296.5   324.8   347.4   375.5   407.6   456.3   549.0   774.8  4549.9  39059.4    38997
read      264.5   194.4    80.4   121.2   135.2   232.7   285.8   314.1   337.3   366.1   402.8   466.4   837.5  2452.4  7155.0  85951.2    86028
read      251.2   117.8    80.4   121.9   135.9   231.5   284.4   311.3   332.7   359.4   392.7   440.8   550.1   922.8  2518.6  82911.2    83012
read      261.6    95.3    86.8   149.2   168.4   249.7   282.5   302.8   321.9   345.2   371.3   409.0   494.5   963.1  2954.5  15035.4    15024
read      264.2   179.3    80.4   124.5   138.6   239.5   288.4   312.0   330.1   353.4   385.7   441.2   873.7  2397.8  3759.9  56504.6    56640
read      248.8   132.2    74.4   120.8   134.4   225.8   277.2   303.8   325.3   353.2   389.3   444.4   578.5  1121.4  4054.8  97352.8    97362
read      250.9   112.4    74.4   123.2   137.5   230.0   279.8   306.8   328.6   356.5   392.7   447.4   570.8   942.9  2006.0 107426.2   107412
read      244.3   109.5    74.4   120.3   133.2   228.6   281.3   305.2   322.3   344.8   373.3   417.9   508.7   785.5  3010.9  64938.6    65030
read      242.5   105.1    80.4   118.8   131.7   223.7   277.0   302.3   321.4   346.4   379.3   427.3   530.5   738.6  2233.0  79244.4    79278
read      251.7   161.5    74.4   125.4   139.4   240.1   283.6   303.0   317.0   335.6   360.4   399.2   527.4  1868.5  7551.4  47596.8    47544
read      256.1   123.9    74.4   123.8   138.4   233.2   284.2   312.4   335.2   363.7   400.7   459.7   599.6  1203.9  2541.5 105220.4   105368
read      249.2   110.1    74.4   123.1   136.8   236.2   286.6   309.8   327.2   348.6   376.7   419.2   510.5   801.6  2925.0  58115.4    58181
read      244.0   100.5    74.4   120.9   134.4   233.0   282.7   304.2   319.7   340.3   367.0   405.1   497.6   675.6  2825.6  57048.6    56960
read      239.3   181.2    86.8   146.9   162.5   225.0   250.1   263.5   272.2   283.9   297.3   327.8   453.7  2470.1  7795.6  14815.8    14849
read      252.1   173.4    74.4   120.2   133.6   232.0   285.1   309.4   327.3   349.2   379.0   423.2   543.9  2298.9  7574.6  63707.8    63672
read      246.7    90.0    80.4   124.7   139.1   242.2   286.4   306.0   319.4   337.7   361.2   395.3   466.6   623.9  1134.2  48317.4    48289
read      237.2    85.8    86.8   145.5   162.2   228.3   257.1   271.9   283.1   295.4   316.6   348.6   429.7   922.2  3013.7  11824.6    11797
read      235.3    91.2    86.8   146.2   162.1   226.3   254.2   268.7   278.9   291.8   311.0   343.6   421.0   925.5  3523.9  10811.0    10781
read      258.0   119.4    74.4   124.6   139.0   243.7   289.3   311.6   328.7   350.6   383.1   444.8   659.2  1162.5  2173.5  49475.4    49362
read      257.5   152.6    74.4   122.2   136.5   230.9   282.3   310.5   333.2   361.7   399.6   460.8   644.9  2033.9  3577.8 102029.2   102119
read      241.9    86.8    74.4   125.1   139.3   238.1   280.4   298.2   311.6   327.0   347.2   382.3   446.4   564.0  1458.8  46072.6    46213
read      247.9   122.5    74.4   120.3   133.9   225.8   277.2   303.9   325.3   352.7   388.9   442.8   571.4  1065.6  3478.5  97120.6    97025
read      262.1   144.4    86.8   140.8   160.4   247.3   282.8   304.7   324.7   347.6   375.9   416.3   519.7  1344.9  7690.6  18366.8    18351
read      233.7    76.0    80.4   141.7   157.7   232.4   258.6   271.1   280.1   290.3   303.3   324.6   381.7   530.2  3465.2  21384.8    21426
read      242.7   122.1    74.4   127.3   141.1   240.3   279.9   296.3   308.9   322.1   342.4   373.1   435.8   560.7  7302.1  43034.0    43013
read      239.6    98.5    74.4   118.5   131.6   225.9   278.6   301.0   317.6   338.8   366.1   404.2   480.5   601.3  2452.5  67374.4    67376
read      239.8    89.1    80.4   130.1   145.0   240.1   274.8   289.8   299.7   312.4   328.2   355.1   413.6   551.5  2708.4  36104.8    36043
read      205.9    99.1    86.8   148.8   158.5   198.7   214.5   223.8   230.9   239.3   251.6   271.9   344.3  1078.5  3476.8   6215.4     6255
read      244.2   105.8    74.4   120.7   134.4   225.5   275.7   301.2   321.2   346.6   381.2   431.0   532.0   690.7  1674.6 101974.4   102499
read      235.6    92.2    74.4   137.8   153.3   235.4   263.2   276.0   285.5   295.0   309.4   331.3   388.5   562.2  4004.8  26214.4    26263
read      241.4    94.4    74.4   121.2   134.9   232.9   281.5   301.8   316.2   334.2   357.5   393.1   463.7   588.8  2465.3  57028.6    56974
read      241.0    90.6    74.4   127.8   142.0   239.5   277.7   293.9   305.9   318.8   338.1   368.1   430.3   565.3  2746.9  40942.2    40869
read      242.2    84.5    74.4   125.0   139.3   239.4   281.6   299.1   312.1   327.1   346.7   380.0   443.0   561.0  1648.7  46554.4    46514
read      216.1    81.2    80.4   149.0   161.8   211.3   230.0   240.8   248.9   258.2   270.5   290.2   344.1   567.1  2867.7  11384.2    11431
read      240.6    93.3    74.4   120.8   134.1   231.5   280.8   301.5   316.4   335.3   360.0   395.4   463.2   579.0  1373.7  58488.2    58600
read      239.5   103.5    74.4   118.6   131.5   225.0   277.8   300.6   317.6   339.4   367.7   406.4   483.2   624.0  2470.2  68094.6    68058
read      240.4    93.3    74.4   121.4   135.1   232.6   279.9   299.4   314.0   331.6   354.9   390.6   460.1   587.6  2492.4  54493.0    54502
read      241.3   104.3    74.4   119.1   132.5   228.1   278.6   300.9   317.7   339.2   367.4   408.9   498.6   633.6  1917.2  63926.8    64022
read      240.7    90.8    74.4   122.2   136.1   235.4   280.6   299.3   313.3   329.8   351.4   385.5   450.7   565.6  1961.6  51961.0    52142
read      242.6   104.7    74.4   119.9   133.3   223.1   273.6   299.2   319.7   345.6   379.6   430.0   529.2   701.7  2204.3 101427.4   101375
read      241.5    79.9    74.4   128.0   142.6   241.2   278.7   294.8   307.0   319.9   339.5   368.3   427.9   534.6  1357.2  40564.8    40606
read      242.4    94.6    74.4   124.2   138.5   238.7   281.0   298.8   312.6   328.8   350.2   384.3   448.8   554.5  2943.0  47346.6    47485
read      243.3    95.3    74.4   123.9   138.1   238.8   282.5   301.4   315.1   332.0   353.9   387.7   452.7   590.3  2410.7  49015.8    48977
read      239.7    86.3    80.4   128.4   143.0   239.8   275.9   291.4   302.3   315.3   333.1   361.3   417.7   548.1  2367.5  38559.2    38615
read      237.2    99.6    74.4   117.2   130.0   219.5   272.7   296.9   315.9   339.4   369.6   413.7   497.9   636.4  1276.2  80618.4    80279
read      239.2   100.4    68.9   117.7   130.7   222.1   275.9   300.0   318.5   341.7   371.5   414.2   496.0   636.6  2251.2  75910.6    75843
read      238.4    94.9    74.4   118.3   131.3   225.0   277.0   299.4   316.4   337.7   364.9   403.2   478.2   590.8   920.7  67115.6    67095
read      242.1    93.0    74.4   128.2   142.4   241.2   279.2   295.3   307.6   320.5   340.0   369.4   431.8   552.4  2021.7  41399.4    41325
read      241.0   100.4    74.4   120.8   134.3   233.2   281.3   301.3   315.8   333.7   356.8   391.9   458.9   580.8  2636.5  55802.4    55752
read      237.4   107.0    74.4   116.9   129.8   218.9   271.6   296.3   315.7   339.9   370.7   416.1   500.6   637.8  1873.9  85545.2    85561
read      221.8    88.5    80.4   146.1   160.9   217.9   238.8   250.5   258.7   268.4   280.4   299.3   353.0   576.5  2698.8  14225.2    14194
read      239.0   101.8    74.4   117.9   130.9   219.5   272.1   297.2   317.2   342.2   374.4   421.9   508.5   685.2  1927.1  87635.4    88002

Total QPS = 57454.4 (77563504 / 1350.0s)

Total connections = 64
Misses = 0 (0.0%)
Skipped TXs = 0 (0.0%)

RX 19158186476 bytes :   13.5 MB/s
TX          0 bytes :    0.0 MB/s
Warning! Detected max cpu usage > 95%
CPU Usage Stats (avg/min/max): 99.85%,1.01%,100.00%
