#type       avg     std     min      p5     p10     p50     p67     p75     p80     p85     p90     p95     p99    p999   p9999      QPS   target       ts_start         ts_end
read      265.7    83.8   101.3   175.7   192.2   258.7   284.3   298.3   309.8   321.4   339.6   366.7   454.6  1106.8  3152.9   4964.0     5000  1777976302094  1777976304367
read      301.6    97.1    93.8   168.4   192.3   299.4   334.8   353.4   367.1   383.5   403.3   435.2   531.0   989.8  2203.6  14891.5    15000  1777976305872  1777976308114
read      321.6   133.6    86.8   155.7   177.4   313.8   362.5   388.2   405.6   427.9   457.0   504.1   682.1  1592.1  2772.6  24931.0    25000  1777976309618  1777976311828
read      318.0   121.1    86.8   145.4   164.9   311.9   370.9   400.4   421.2   444.2   472.2   518.5   626.6   842.3  1923.4  35059.0    35000  1777976313333  1777976315532
read      328.0   165.7    86.8   142.7   162.0   312.2   381.6   417.9   443.2   471.1   506.6   561.4   683.5  1015.9  6467.4  44758.0    45000  1777976317037  1777976319240
read      358.9   194.5    86.8   144.8   165.6   328.7   414.5   461.6   494.2   531.3   579.2   661.7   855.5  1297.8  6457.1  55083.9    55000  1777976320745  1777976322946
read      991.8  1673.9    86.8   178.7   205.1   339.7   425.1   500.5   619.9  1891.5  3227.5  5469.8  7521.6  9787.2 12801.9  62978.0    65000  1777976324450  1777976326652
read      938.2  1734.4    86.8   167.7   191.9   303.1   363.8   411.1   461.8   616.1  3274.9  5859.8  7569.9  9245.4 10817.6  69349.0    75000  1777976328156  1777976330356
read      952.2  1830.8    86.8   170.5   196.3   310.3   359.6   394.8   429.6   506.2  3420.3  6189.3  7694.7  9510.9 11875.6  71677.5    85000  1777976331860  1777976334061
read     1017.3  1910.6    80.4   182.7   207.5   327.4   388.0   429.9   469.4   552.1  4482.8  6290.1  7778.9  9390.8 12765.0  67365.0    95000  1777976335565  1777976337768
read     1082.5  1994.1    86.8   190.6   215.2   345.1   417.8   465.3   508.0   590.5  5597.7  6387.8  7717.0  9985.3 12596.1  63368.0   105000  1777976339272  1777976341474
read      914.5  1817.9    86.8   163.5   186.6   298.1   339.2   367.7   395.3   450.9  3270.1  6179.7  7640.9  9719.9 14901.8  74979.4   115000  1777976342978  1777976345183
read     1013.8  1922.7    86.8   177.8   201.5   327.5   384.2   423.5   460.9   535.8  4459.3  6301.1  7765.6  9899.0 11807.0  67466.4   125000  1777976346686  1777976348886
Warning! Detected max cpu usage > 95%
CPU Usage Stats (avg/min/max): 50.50%,1.00%,100.00%
