Random waveform, supplied seed
Total number of intervals = 270 (6927, 52892, 98921, 61129, 40613, 53226, 38560, 103465, 104758, 94759, 37799, 8296, 69443, 12517, 43591, 20430, 93758, 10485, 16518, 83230, 5484, 55611, 20774, 96726, 32442, 73039, 74055, 51197, 59442, 35654, 78747, 42212, 52488, 36950, 16762, 79473, 61431, 87172, 108181, 80515, 37149, 13444, 72057, 70041, 90162, 52082, 24258, 72013, 58012, 45398, 50177, 34504, 66010, 73937, 55020, 53235, 97743, 5419, 14764, 7451, 48208, 16149, 78989, 18886, 75954, 44409, 16431, 85707, 58253, 103867, 21604, 90401, 84467, 99700, 32052, 18173, 67789, 51929, 83850, 18614, 29315, 108090, 27024, 49907, 9150, 34328, 51881, 14569, 81517, 78694, 93409, 39093, 18729, 70818, 21942, 91810, 39588, 40957, 62645, 15539, 107672, 32954, 58866, 23739, 54701, 60706, 72350, 58661, 34912, 103268, 38703, 83358, 57408, 86837, 33517, 66204, 73758, 99742, 109462, 94453, 44096, 100467, 8576, 59359, 7614, 60329, 43762, 67038, 26095, 71173, 109276, 13150, 61250, 84472, 82226, 27671, 98736, 106314, 105027, 96867, 89493, 50538, 22083, 48618, 94298, 63579, 64573, 77178, 29824, 64495, 20917, 85651, 61935, 50216, 72251, 71798, 19701, 24952, 81838, 26648, 24837, 29420, 103882, 70314, 61679, 49557, 19325, 9128, 94933, 24327, 71896, 93771, 20452, 42338, 72627, 80603, 49049, 92305, 56889, 78036, 71583, 72609, 107382, 86530, 16550, 84534, 72631, 49291, 62175, 80213, 16566, 53985, 101949, 24076, 52574, 106271, 105451, 86087, 29108, 101115, 74326, 75832, 94901, 15809, 28874, 51882, 32653, 41676, 63019, 99164, 47055, 62394, 98519, 32122, 49464, 24034, 77363, 91698, 38997, 86028, 83012, 15024, 56640, 97362, 107412, 65030, 79278, 47544, 105368, 58181, 56960, 14849, 63672, 48289, 11797, 10781, 49362, 102119, 46213, 97025, 18351, 21426, 43013, 67376, 36043, 6255, 102499, 26263, 56974, 40869, 46514, 11431, 58600, 68058, 54502, 64022, 52142, 101375, 40606, 47485, 48977, 38615, 80279, 75843, 67095, 41325, 55752, 85561, 14194, 88002)
Average QPS expected = 57479
Timestamp start: 1778401234108
Timestamp end: 1778402584485

#type       avg     std     min      p5     p10     p50     p67     p75     p80     p85     p90     p95     p99    p999   p9999      QPS   target
read      220.2   148.2    93.8   148.9   160.0   207.5   227.4   238.7   248.1   258.8   272.8   297.0   436.4  2078.2  7272.2   6946.0     6927
read      271.5   154.0    80.4   120.6   134.4   247.1   302.0   341.1   370.1   402.2   443.4   502.1   633.8  1402.5  4559.1  52683.6    52892
read      263.8   241.3    74.4   120.5   134.4   230.0   282.1   310.6   333.6   362.2   399.6   463.0   713.1  3429.0  8550.2  98959.4    98921
read      241.6    95.0    80.4   119.8   132.9   231.1   281.5   303.3   319.1   339.2   364.5   400.4   474.5   626.9  1622.8  61093.2    61129
read      255.2   111.6    80.4   123.4   137.9   246.3   289.6   314.3   334.5   358.9   389.0   430.1   510.4   669.8  2610.9  40681.4    40613
read      260.4   122.3    74.4   119.0   132.3   241.0   293.6   328.1   355.3   386.7   423.5   473.0   575.1   801.2  2446.8  53265.8    53226
read      253.0   102.7    74.4   122.6   137.2   245.4   288.0   312.2   331.9   355.2   383.7   423.6   501.0   632.8  1997.7  38591.0    38560
read      255.9   167.4    74.4   120.5   134.5   228.2   278.9   306.7   328.9   356.5   393.6   453.1   689.6  2007.3  5563.1 103317.6   103465
read      249.8   131.9    74.4   120.7   134.8   228.2   278.5   305.6   327.0   353.7   388.7   441.1   569.7  1159.2  4494.8 104913.8   104758
read      245.2   110.8    74.4   119.4   132.9   225.8   277.0   303.6   324.4   350.0   384.2   432.8   540.4   895.8  2175.2  94902.6    94759
read      252.8   101.7    74.4   123.8   138.3   245.4   287.2   309.9   328.4   351.4   380.7   422.4   504.7   659.4  1706.9  37824.2    37799
read      212.5    88.6    86.8   141.6   153.4   204.5   225.6   238.1   248.1   259.2   272.5   294.4   372.0   839.8  3468.9   8337.8     8296
read      280.8   329.1    68.9   118.2   131.2   227.3   280.1   305.1   324.3   349.1   383.9   453.1  1969.7  3530.7  7922.6  69198.2    69443
read      235.6    88.9    93.8   144.1   159.4   225.4   255.2   270.7   282.1   295.1   317.9   353.4   430.5   978.6  3164.9  12562.0    12517
read      269.1   207.7    80.4   121.6   135.4   245.9   293.3   324.3   349.8   378.9   414.4   467.0   635.1  2527.1  8433.2  43547.4    43591
read      285.1   357.2    74.4   137.1   156.0   252.2   290.2   317.0   338.5   362.2   391.1   435.7   796.2  7452.5 10718.1  20330.2    20430
read      312.1   429.9    74.4   120.6   135.2   239.5   293.8   326.0   351.7   384.3   430.4   535.3  2688.2  5417.2  8036.2  93701.8    93758
read      242.9   281.5    86.8   144.9   159.0   214.7   238.4   252.3   262.6   273.6   290.6   324.2   901.4  4334.0  8719.7  10433.4    10485
read      242.9   166.2    86.8   140.6   157.0   227.8   257.5   272.6   284.7   298.0   322.8   362.1   469.7  2020.1  7359.7  16530.8    16518
read      317.6   452.8    68.9   119.5   133.8   237.3   292.6   323.9   348.8   380.2   424.4   529.7  2837.8  5289.3  8038.3  83183.6    83230
read      202.7    78.0    93.8   142.8   152.8   195.0   212.4   222.3   229.9   238.6   251.7   272.9   362.0  1013.3  3145.7   5444.8     5484
read      245.5   126.3    74.4   119.5   132.9   232.1   280.3   301.3   316.8   336.5   363.2   405.7   564.6  1294.3  3527.5  55632.0    55611
read      262.1   121.9    80.4   134.8   153.5   249.0   289.0   317.1   337.9   360.1   385.9   422.8   507.2   901.6  5281.6  20794.2    20774
read      315.3   415.6    74.4   122.0   137.1   244.6   300.2   335.0   361.9   394.9   443.1   561.9  2618.9  5286.9  7960.5  96809.4    96726
read      249.8    95.7    74.4   127.3   142.3   244.8   281.8   300.9   317.4   338.2   364.3   401.0   481.0   683.6  1803.2  32370.2    32442
read      251.6   167.9    74.4   117.2   130.1   225.4   279.7   306.5   327.6   354.1   389.2   448.7   616.8  2424.8  4944.7  73048.0    73039
read      237.8   116.0    74.4   115.5   128.3   220.2   273.4   297.2   316.0   338.9   367.9   409.4   503.9   774.2  3190.8  74071.4    74055
read      239.3   101.6    68.9   120.7   134.2   233.1   278.3   296.9   311.1   327.6   349.9   383.7   452.4   600.7  3313.8  51269.2    51197
read      239.8   106.9    80.4   118.8   131.8   228.7   278.7   299.8   315.6   335.2   360.4   397.4   474.8   651.6  3019.8  59547.6    59442
read      251.9    98.3    80.4   126.7   140.8   243.5   283.6   305.7   324.5   347.7   376.1   417.5   498.4   672.1  2143.3  35629.2    35654
read      243.6   156.7    74.4   116.2   128.9   219.0   273.0   298.7   318.8   344.1   377.0   429.2   603.1  1510.2  6064.7  78725.8    78747
read      250.9   103.9    74.4   122.3   135.9   240.4   283.6   307.6   327.9   353.4   384.9   427.6   509.6   703.2  2608.2  42220.2    42212
read      264.3   203.5    74.4   118.1   130.7   240.2   290.7   322.6   350.3   381.2   418.2   469.4   589.5  3236.0  7644.1  52634.0    52488
read      250.4   105.3    74.4   124.2   138.3   240.6   281.6   303.7   322.9   347.9   377.2   418.9   501.5   882.0  2742.2  36844.2    36950
read      242.1   107.0    80.4   135.4   152.5   232.3   266.5   284.4   297.5   317.8   342.0   373.8   453.3   822.2  2001.4  16818.8    16762
read      275.7   338.8    74.4   116.9   129.9   224.3   278.6   305.4   325.9   352.0   386.8   442.0  1825.8  4383.0  7836.1  79350.8    79473
read      245.3   157.2    74.4   118.8   131.6   227.7   278.6   300.6   317.5   338.3   365.0   403.5   516.1  2174.8  4841.6  61564.6    61431
read      246.1   156.6    74.4   118.1   130.9   221.6   274.0   300.1   321.2   348.7   382.8   432.9   572.0  1785.8  5438.1  86960.4    87172
read      260.9   139.0    74.4   124.3   139.2   235.8   286.3   316.1   340.6   370.1   408.2   468.3   635.2  1494.1  3404.1 108041.8   108181
read      239.6   101.7    74.4   117.4   130.1   221.0   273.4   298.3   318.7   344.4   375.8   421.5   518.9   734.6  1280.7  80600.8    80515
read      249.6    92.8    74.4   128.0   141.9   243.5   282.1   301.9   318.5   340.6   368.1   405.6   482.7   641.9  1756.2  37285.2    37149
read      231.4    77.3    80.4   143.8   159.8   226.3   253.1   266.7   275.3   287.8   303.1   332.1   394.5   567.0  2344.3  13431.0    13444
read      279.9   284.2    74.4   119.5   132.9   230.9   284.3   311.9   334.4   362.4   398.0   468.4  1671.7  3355.9  7683.5  72022.6    72057
read      241.5   105.6    74.4   118.5   131.4   226.2   278.8   302.9   321.1   345.2   373.0   412.9   495.6   667.1  2575.3  69814.6    70041
read      243.5   115.0    74.4   118.8   131.8   223.3   275.1   301.6   322.3   348.1   381.1   429.0   536.7   909.9  2671.6  90154.0    90162
read      243.9    89.7    74.4   122.9   136.4   238.3   283.9   304.1   318.7   338.0   361.5   394.6   462.4   586.7  1357.9  52209.6    52082
read      240.1    78.9    74.4   133.2   149.4   237.7   268.2   283.4   293.8   308.9   329.9   363.2   427.1   582.1  1613.5  24336.4    24258
read      242.5   112.0    74.4   117.7   130.2   223.5   276.7   302.4   322.2   347.3   378.1   425.0   542.1   808.3  2688.2  72074.0    72013
read      240.9   105.5    68.9   120.5   133.5   230.7   279.4   300.6   316.6   336.4   361.2   396.4   468.1   639.5  3257.9  57809.4    58012
read      239.8    86.9    74.4   124.4   138.1   237.1   277.9   295.5   309.1   324.2   345.1   375.7   439.3   549.7   883.2  45504.8    45398
read      243.3   113.1    74.4   122.9   136.5   236.6   280.6   299.7   314.5   332.4   355.5   389.7   463.7   778.9  3231.1  50101.8    50177
read      250.3    99.9    80.4   129.0   143.4   241.5   279.3   299.7   318.0   341.7   369.9   409.3   491.4   682.5  2769.4  34334.2    34504
read      267.9   151.3    74.4   117.8   130.1   233.3   294.0   337.0   370.7   410.8   461.5   533.8   674.0  1141.7  3524.0  66093.2    66010
read      253.1   149.7    74.4   118.6   131.4   225.5   280.3   309.7   333.8   363.2   400.9   467.3   647.7  1582.9  4453.1  73979.4    73937
read      243.4    97.6    74.4   124.3   138.1   235.7   281.8   302.5   317.7   337.0   360.8   394.1   461.6   589.2  1960.4  55040.8    55020
read      242.1    87.6    74.4   124.0   137.9   235.5   280.5   300.2   315.4   334.2   357.6   390.8   458.9   591.1  1242.8  53137.8    53235
read      242.8   122.6    74.4   119.4   132.6   220.7   270.4   296.5   318.0   344.8   379.2   430.1   547.3  1226.4  3003.9  97626.2    97743
read      210.4    86.3   101.3   148.2   158.1   202.2   221.5   232.7   241.2   250.8   264.2   286.3   369.7   718.8  4871.0   5434.2     5419
read      249.0    92.9    86.8   142.9   160.5   239.1   271.4   290.4   306.3   326.5   348.9   382.3   458.7   871.9  3672.1  14701.0    14764
read      215.8    71.6    93.8   146.4   158.0   207.4   229.4   241.8   250.8   261.6   274.0   297.0   381.0   931.9  2462.6   7431.4     7451
read      265.6   142.1    74.4   120.2   133.9   244.8   296.2   333.0   359.9   388.6   424.5   479.5   611.7  1186.7  4490.8  48281.4    48208
read      252.1    97.2    86.8   141.2   159.6   240.7   274.4   295.2   314.4   336.3   361.5   397.0   475.5   789.6  2182.3  16214.8    16149
read      284.0   393.8    74.4   117.9   130.7   225.0   278.5   305.8   327.0   352.9   387.1   445.6  2273.9  5125.1  9563.1  78870.6    78989
read      263.4   111.8    80.4   139.4   158.5   248.7   288.2   316.5   337.2   359.0   384.4   421.8   507.4  1075.5  3303.2  18901.6    18886
read      291.7   387.3    74.4   119.0   132.1   230.2   283.8   312.1   334.5   361.4   396.1   460.3  2598.1  4692.3  7988.4  76025.0    75954
read      241.3   101.3    80.4   125.0   138.8   238.8   278.8   296.1   309.9   325.3   346.0   375.3   436.4   584.5  2476.5  44332.6    44409
read      248.3    91.3    80.4   141.3   159.1   238.7   270.4   288.9   304.2   325.8   350.8   386.8   463.3   781.1  2084.4  16498.0    16431
read      316.1   459.8    74.4   120.4   134.3   233.8   287.5   318.1   343.0   374.2   418.6   522.6  2839.7  5401.8  8089.4  85734.4    85707
read      242.5   107.6    80.4   120.4   133.5   231.1   280.1   302.4   319.0   340.2   366.1   401.6   477.0   695.7  3341.9  58302.2    58253
read      254.9   122.9    74.4   120.8   135.2   231.6   283.2   313.4   337.8   366.9   402.9   462.3   607.3  1048.7  2186.4 103974.6   103867
read      253.4   131.8    80.4   134.3   152.0   239.7   273.0   292.2   308.9   330.7   358.7   399.1   521.3  1805.2  3011.2  21691.0    21604
read      270.9   334.1    74.4   117.0   130.0   221.3   273.6   301.2   323.0   350.8   387.3   446.8  1519.3  4602.3  7882.9  90008.6    90401
read      234.3   102.8    74.4   115.5   128.0   215.1   267.6   293.3   312.9   337.2   367.3   410.5   502.1   689.1  1434.9  84342.4    84467
read      239.6   109.0    74.4   118.1   131.0   218.3   268.5   294.9   315.8   341.9   374.8   425.8   542.6   920.6  2216.6  99514.0    99700
read      246.8    98.8    80.4   127.9   142.1   239.6   275.3   294.5   311.0   331.7   358.5   397.2   485.6   864.0  2518.2  32006.8    32052
read      258.6   261.5    80.4   136.3   154.3   241.6   277.4   299.3   318.1   338.1   362.6   397.2   482.2  1346.7 11444.1  18138.6    18173
read      264.5   244.6    74.4   117.6   130.4   227.3   280.2   306.0   325.9   351.0   383.6   441.3  1180.6  2978.4  7645.4  67883.4    67789
read      239.6    99.1    74.4   121.0   134.4   233.5   278.3   297.5   312.5   329.9   352.2   385.7   456.1   615.7  3036.3  52001.4    51929
read      237.1   111.2    68.9   115.9   128.5   217.9   270.1   295.7   315.8   340.5   371.2   415.7   509.3   751.8  3413.5  83768.8    83850
read      249.8   103.2    80.4   136.1   154.1   238.0   272.9   294.0   312.0   333.2   358.3   393.4   475.3   929.0  3447.7  18666.0    18614
read      283.5   141.1    74.4   124.5   142.9   264.4   327.9   361.2   382.3   404.7   433.4   477.3   591.7  1382.2  3022.9  29245.2    29315
read      300.6   362.4    74.4   124.4   139.6   240.5   293.4   326.1   352.0   385.0   430.5   525.7  2317.1  4616.5  8057.4 108405.0   108090
read      246.5    90.0    80.4   133.5   149.2   239.9   273.3   291.6   306.4   325.3   350.2   387.6   463.5   788.1  2176.8  27125.0    27024
read      252.6   113.7    74.4   118.0   130.5   237.2   285.5   314.8   339.0   368.5   403.3   454.0   547.9   758.5  2487.5  49888.8    49907
read      217.8    68.9    86.8   143.4   156.7   211.0   234.4   247.5   256.2   267.3   280.8   305.8   374.2   626.2  3027.4   9132.4     9150
read      308.4   224.8    74.4   123.7   141.3   274.1   350.7   387.3   411.7   439.2   472.4   529.1   828.4  3087.4  7645.7  34373.0    34328
read      265.7   157.0    74.4   118.2   131.6   242.0   295.3   332.2   359.0   388.8   426.9   484.0   622.0  1900.5  4143.6  52021.0    51881
read      240.8   130.9    80.4   139.0   155.5   229.2   260.6   276.5   290.2   307.9   332.3   366.1   445.1  1597.4  4964.7  14595.0    14569
read      295.1   526.5    74.4   116.4   129.5   224.0   275.5   302.0   322.3   348.9   383.5   440.4  2716.1  7237.0  9387.7  81391.2    81517
read      234.8   101.6    74.4   115.6   128.1   217.0   269.1   294.2   313.7   337.3   366.5   407.0   497.8   708.2  1579.4  78626.8    78694
read      235.1   108.0    74.4   115.5   128.3   214.6   265.3   291.3   311.5   337.0   368.5   415.5   517.6   891.0  2407.6  93308.6    93409
read      248.4   109.3    80.4   122.9   136.9   238.9   279.3   301.5   320.2   344.1   373.6   415.9   499.6   898.1  2826.2  39018.2    39093
read      259.7   103.7    86.8   138.0   156.7   246.8   285.2   311.5   331.4   352.1   376.1   413.5   506.8  1034.3  2144.9  18714.8    18729
read      270.7   271.7    74.4   116.5   129.6   227.2   280.7   308.8   331.0   359.0   396.0   466.1  1397.5  3547.6  7622.4  70848.8    70818
read      257.2   110.7    80.4   131.8   150.1   244.7   284.0   310.5   331.3   353.0   377.1   413.4   499.5  1004.4  2039.0  21893.4    21942
read      276.4   354.5    74.4   116.3   129.4   221.4   273.4   301.3   323.5   351.9   388.7   453.5  1729.6  4664.1  7885.4  91857.6    91810
read      247.4   101.1    74.4   122.0   135.7   237.7   278.7   301.4   320.4   344.3   373.7   416.2   500.9   841.6  2434.1  39555.2    39588
read      249.9   107.2    74.4   121.2   134.7   239.0   281.2   306.2   327.5   353.6   384.4   427.5   510.5   701.0  2539.3  41062.2    40957
read      261.1   157.4    74.4   115.0   127.3   232.8   289.3   326.5   356.6   391.5   434.9   499.6   632.2  1521.0  3949.5  62525.2    62645
read      241.1    91.0    86.8   138.3   154.8   231.9   263.9   281.2   294.8   313.9   337.4   369.2   449.2   864.6  2893.6  15579.2    15539
read      322.4   398.2    74.4   128.2   144.3   257.3   313.5   348.0   374.7   409.3   461.7   573.4  2471.1  5259.4  7944.7 107660.4   107672
read      250.1    91.7    80.4   126.9   141.7   245.0   282.2   302.9   320.2   342.0   367.3   402.6   475.3   624.7  2058.0  32961.6    32954
read      262.3   176.4    74.4   117.1   130.3   236.5   291.9   330.1   359.6   392.2   432.2   491.7   605.1   985.7  4763.3  58879.4    58866
read      238.9    91.5    74.4   131.5   147.9   235.9   266.3   281.2   292.3   307.4   328.3   360.9   423.3   591.0  3890.3  23620.8    23739
read      260.3   125.9    74.4   117.5   131.0   238.9   293.0   328.9   356.9   387.9   425.5   479.6   587.5   896.2  2578.3  54665.6    54701
read      266.3   154.4    74.4   117.7   130.9   237.7   294.8   334.9   365.2   400.0   443.0   506.0   629.7  1358.3  4809.8  60722.6    60706
read      242.9   115.7    74.4   117.6   130.4   224.3   276.7   302.9   323.2   348.8   379.6   425.0   540.6   811.9  2064.6  72292.0    72350
read      239.4    95.8    74.4   119.1   131.9   229.6   278.6   300.2   316.4   336.2   360.8   395.4   466.0   620.8  2432.2  58657.6    58661
read      246.9   118.9    74.4   125.7   139.8   238.3   275.6   295.8   313.8   335.6   362.4   399.3   472.7   829.6  3868.3  34783.8    34912
read      265.2   268.6    74.4   119.9   133.8   227.2   277.8   307.3   330.4   358.8   396.5   459.6   781.8  3476.4  8151.3 103476.4   103268
read      248.3    99.8    80.4   125.5   140.0   241.9   280.7   300.4   316.9   337.7   364.0   402.2   490.3   902.7  2105.4  38630.8    38703
read      245.0   145.4    74.4   116.5   129.4   219.1   272.4   300.3   322.6   350.6   385.6   439.7   612.4  1252.7  5637.7  83565.0    83358
read      238.5   105.3    74.4   119.3   132.3   228.9   277.1   298.3   314.5   333.5   357.2   391.4   460.8   618.5  4020.0  57422.8    57408
read      235.0   111.0    74.4   115.2   127.8   214.3   266.5   292.7   313.0   338.2   369.2   413.3   508.6   879.0  3021.0  86690.8    86837
read      245.9    91.6    80.4   126.5   141.0   238.8   275.7   295.9   313.4   334.7   361.7   399.1   471.5   674.9  2214.1  33511.8    33517
read      260.3   142.1    74.4   114.2   126.4   231.0   290.2   329.0   359.7   395.4   440.9   507.1   641.1  1069.2  3300.7  66168.4    66204
read      259.5   190.9    74.4   116.3   129.1   226.7   282.6   314.4   340.5   371.8   413.1   484.1   685.8  2781.3  6316.1  73876.0    73758
read      242.5   118.0    74.4   118.5   131.5   220.6   271.4   298.7   320.3   346.7   381.0   431.4   548.2   994.0  2378.3  99732.0    99742
read      252.7   126.4    74.4   121.8   136.3   229.8   280.0   309.5   332.4   360.0   395.4   451.2   593.0  1204.6  3105.9 109103.6   109462
read      237.4   107.3    74.4   116.4   129.1   216.6   268.2   294.8   315.8   341.5   373.5   421.9   528.7   851.1  1700.7  94456.4    94453
read      239.0    97.6    80.4   123.6   137.7   236.4   276.2   293.5   306.7   321.1   342.7   372.5   434.5   567.6  2075.9  44083.2    44096
read      246.2   130.6    74.4   119.1   132.5   224.1   274.3   302.5   324.7   352.2   386.3   436.8   565.0   991.9  4683.8 100599.8   100467
read      212.3    68.1    86.8   142.1   154.1   204.9   226.8   239.3   248.7   259.3   272.2   294.8   368.1   864.3  2095.0   8570.8     8576
read      247.7   126.0    74.4   118.7   131.7   230.9   281.4   304.8   321.8   343.9   372.7   423.3   611.5  1209.3  3081.4  59407.8    59359
read      215.4   185.5    93.8   142.7   154.2   203.1   223.8   235.6   245.5   255.8   269.8   292.7   371.2  2699.6  7760.4   7539.2     7614
read      253.1   136.8    74.4   119.3   132.8   234.9   285.3   310.0   328.6   351.1   381.5   432.2   670.1  1510.1  3442.8  60371.2    60329
read      240.6    83.1    74.4   125.1   139.3   240.2   278.8   295.4   308.3   322.1   342.3   371.8   431.9   545.9   948.5  43730.6    43762
read      241.6   116.1    74.4   118.3   131.2   227.3   279.3   303.4   321.5   344.0   370.2   406.7   486.0   665.1  4590.3  67028.6    67038
read      242.0    81.8    80.4   131.5   147.6   239.2   270.5   286.8   297.9   315.1   336.9   369.1   431.8   590.9  2118.3  25999.4    26095
read      247.8   115.7    74.4   118.0   131.0   227.8   280.5   308.9   331.3   358.1   391.3   445.4   578.3   792.1  1526.4  71062.0    71173
read      245.6   120.2    74.4   119.4   133.1   223.6   273.0   301.1   323.1   350.5   385.6   436.3   557.7  1146.6  2959.8 109347.0   109276
read      233.3    88.8    80.4   140.3   156.0   224.1   252.7   268.1   279.1   293.6   315.5   347.8   423.8  1162.0  2688.9  13200.8    13150
read      269.0   216.1    74.4   120.2   133.5   236.9   288.8   316.2   338.3   365.0   400.3   480.2   934.8  2569.7  7791.1  61320.8    61250
read      239.4   134.5    74.4   116.4   129.1   218.6   270.5   296.9   318.2   344.9   375.3   421.7   521.4   818.1  4316.1  84485.2    84472
read      240.8   113.9    74.4   117.4   130.0   220.7   272.7   299.3   320.4   346.4   377.6   423.6   527.2   845.7  3457.3  82138.6    82226
read      251.3    90.6    80.4   133.5   148.9   244.1   277.9   297.1   315.2   336.5   362.9   400.3   480.7   670.2  2426.6  27719.0    27671
read      269.3   260.5    74.4   120.3   134.0   227.6   278.3   308.5   332.9   362.6   401.0   467.7  1172.8  3477.0  7806.2  98597.0    98736
read      246.5   116.4    80.4   121.7   135.6   224.9   272.9   300.1   321.6   349.1   384.8   436.6   562.0  1114.0  2376.8 105966.0   106314
read      246.8   125.9    74.4   120.7   134.5   224.6   272.5   299.6   321.5   349.7   385.2   437.6   572.2  1186.3  3541.2 105138.2   105027
read      237.0   113.5    74.4   117.2   129.8   216.0   265.4   291.7   312.5   338.7   371.6   420.8   525.7   885.9  2842.9  96759.4    96867
read      239.1   119.5    74.4   117.3   129.8   217.7   268.6   295.0   316.2   342.2   374.7   424.0   532.9   965.8  3169.9  89280.4    89493
read      240.8    94.0    74.4   122.5   136.0   234.7   279.0   298.3   313.3   331.0   353.4   386.3   454.2   624.6  2464.8  50559.2    50538
read      239.3    82.9    80.4   136.9   152.5   233.9   264.2   279.4   291.3   306.9   328.6   362.5   427.3   662.5  2278.4  22211.6    22083
read      265.0   134.8    80.4   121.7   134.7   243.9   295.0   331.2   358.8   391.0   430.1   487.4   594.3   966.9  2969.0  48780.2    48618
read      253.4   172.0    68.9   120.1   133.6   225.4   276.0   304.9   327.6   355.5   391.3   447.9   646.2  2486.3  5376.3  94357.6    94298
read      242.0   106.2    74.4   119.4   132.4   229.0   279.4   303.6   321.4   343.4   370.1   408.2   488.8   651.2  1448.3  63520.8    63579
read      243.1   108.4    74.4   119.0   132.1   228.1   279.0   303.2   321.4   344.3   372.2   411.6   503.0  1004.9  2726.7  64591.8    64573
read      239.1   100.2    74.4   117.2   129.8   221.1   273.2   298.8   319.3   344.3   374.8   418.8   507.5   724.3  1352.8  77156.6    77178
read      248.9    93.0    80.4   130.4   145.3   242.2   277.0   296.5   314.2   335.7   362.1   398.8   473.8   609.4  2441.5  29925.4    29824
read      273.5   171.5    80.4   118.9   131.4   236.4   297.5   342.4   376.2   417.8   468.7   542.4   694.5  1810.1  5106.5  64259.0    64495
read      271.7   107.0    80.4   137.7   156.6   256.4   301.8   334.5   355.2   376.7   403.3   443.8   536.4   990.7  3059.3  20996.2    20917
read      285.6   377.8    74.4   118.9   132.1   227.1   280.3   310.3   334.2   363.1   400.1   468.7  1855.3  5340.7  7977.6  85675.0    85651
read      240.9   106.7    74.4   119.8   132.6   228.0   278.3   301.3   318.5   340.2   366.5   401.8   478.3   720.3  2654.9  61920.0    61935
read      239.7    88.4    74.4   122.0   135.7   234.0   277.2   296.3   311.4   329.3   352.4   386.1   455.9   589.7  1475.1  50397.6    50216
read      239.4   108.8    74.4   118.0   130.5   221.8   273.7   298.6   318.3   342.6   372.0   413.5   501.6   725.6  3311.3  72205.6    72251
read      238.8   111.1    74.4   117.3   129.9   222.0   273.4   297.8   317.2   340.5   368.8   410.2   500.7   741.7  3362.4  71827.8    71798
read      268.4   106.1    80.4   139.6   159.2   252.4   293.8   326.0   347.3   369.5   396.4   434.7   531.9  1050.6  2101.7  19631.0    19701
read      288.0   125.6    80.4   133.3   153.0   268.0   331.9   364.7   386.2   409.1   436.7   481.9   583.5  1156.7  2698.8  25041.4    24952
read      282.0   360.1    74.4   118.6   131.6   228.6   282.4   311.8   334.7   362.1   397.0   458.4  1817.9  4887.9  7977.6  81588.6    81838
read      246.1    84.8    74.4   134.0   149.4   239.7   272.6   290.9   305.7   324.8   350.3   388.3   462.4   647.3  1986.5  26666.6    26648
read      246.5    83.1    80.4   136.6   152.0   240.1   272.4   290.5   304.9   323.8   348.0   384.2   459.6   600.1  1799.9  24927.2    24837
read      250.5   101.7    80.4   131.3   146.1   242.8   277.7   297.8   315.6   336.7   363.1   400.1   478.7   746.5  3241.0  29319.6    29420
read      270.1   279.2    68.9   120.4   134.1   226.8   276.5   306.2   329.8   359.0   397.6   464.6  1040.7  3638.0  7617.7 103846.6   103882
read      239.4   104.8    74.4   118.2   130.7   223.2   275.0   299.9   319.4   343.0   371.0   411.5   497.6   683.5  2062.3  70435.4    70314
read      241.3   125.7    74.4   119.9   132.6   228.0   277.6   300.5   317.9   339.4   365.1   400.7   479.8   739.3  4736.8  61608.0    61679
read      239.2    96.0    74.4   122.3   135.7   234.5   277.4   295.9   310.5   327.4   349.5   382.3   445.9   576.6  1668.1  49626.4    49557
read      264.8   106.0    86.8   138.7   157.6   249.0   288.7   318.7   340.3   363.3   390.0   429.5   527.7  1219.7  2547.4  19354.0    19325
read      226.8    74.1    93.8   146.5   160.4   219.2   244.4   257.7   267.6   279.1   296.4   331.3   398.5   751.8  3349.0   9096.4     9128
read      300.6   406.6    74.4   120.3   134.3   234.2   288.7   321.6   348.2   380.1   423.4   508.6  2525.3  5078.6  9949.1  94803.4    94933
read      244.1    78.1    80.4   136.6   152.3   238.0   269.5   286.9   299.9   318.5   343.0   378.8   451.9   580.4  1278.9  24390.6    24327
read      262.8   180.8    74.4   118.3   131.0   228.2   284.6   317.9   345.2   378.3   424.0   508.0   732.0  2157.2  4541.3  71907.2    71896
read      236.9   104.1    74.4   117.0   129.7   216.2   266.4   292.8   313.8   340.1   372.5   422.0   529.8   828.4  1839.7  93987.0    93771
read      262.9   116.8    86.8   137.6   155.4   246.9   285.1   313.3   335.5   359.3   387.6   429.4   533.4  1242.4  3216.2  20665.4    20452
read      268.7   130.9    80.4   124.3   138.2   249.1   298.5   335.0   361.7   392.0   429.0   484.6   607.4   885.2  4116.0  42365.6    42338
read      248.8   179.1    74.4   118.1   130.9   224.7   277.8   304.7   325.5   350.8   382.4   430.5   595.2  2010.3  7843.8  72409.6    72627
read      245.0   109.9    74.4   118.2   131.2   225.0   277.3   305.6   327.1   353.3   386.5   435.0   547.5   812.0  2267.3  80489.6    80603
read      242.3   103.2    74.4   122.6   136.2   237.1   280.0   299.6   314.4   332.4   355.5   389.2   456.9   625.9  3289.9  48875.6    49049
read      241.2   109.8    74.4   117.8   130.5   220.0   271.1   297.9   319.6   346.4   379.5   428.4   543.1  1025.0  1919.7  92384.8    92305
read      245.4    97.2    74.4   123.2   137.2   236.1   283.3   305.7   321.8   342.1   367.3   402.1   477.6   641.6  2421.3  56815.2    56889
read      242.9   122.7    74.4   119.1   132.2   224.0   276.2   303.1   323.8   348.5   379.8   424.3   519.8   745.9  1799.0  77919.4    78036
read      244.6   117.2    74.4   119.9   133.2   226.9   279.2   306.0   326.6   350.7   380.5   422.7   509.3   722.8  3291.2  71437.8    71583
read      240.2   111.1    74.4   117.8   130.2   222.4   275.3   301.2   320.7   344.6   374.5   417.5   505.2   728.2  1953.5  72416.4    72609
read      250.4   128.3    74.4   121.4   135.3   227.0   276.3   305.5   328.3   356.4   391.6   445.0   583.6  1346.1  3359.7 107509.0   107382
read      240.7   109.4    80.4   117.4   130.2   219.9   271.5   298.3   320.0   346.0   378.7   425.7   534.9   981.3  2425.5  86574.0    86530
read      255.8    90.6    80.4   141.7   160.1   243.0   277.0   300.1   321.0   343.2   369.1   403.5   497.4   877.8  1975.6  16496.2    16550
read      280.7   351.7    68.9   119.5   132.7   228.8   280.9   310.8   334.5   363.6   400.5   465.7  1663.4  4832.4  8075.1  84482.8    84534
read      237.6   110.3    74.4   117.1   129.5   220.5   272.6   297.1   316.4   339.9   368.2   406.8   490.4   753.1  3350.2  72657.8    72631
read      239.9    95.3    74.4   122.4   135.9   234.9   277.9   296.7   311.3   328.0   349.1   381.9   447.9   590.4  2856.7  49362.8    49291
read      240.5   100.7    68.9   119.4   132.1   228.0   278.2   301.6   318.9   340.6   366.6   402.1   481.3   649.1  1910.4  62113.8    62175
read      242.1   116.8    74.4   118.4   131.0   221.9   274.2   301.4   322.5   348.1   379.9   426.3   529.8   808.3  3432.0  80183.2    80213
read      257.6    98.7    86.8   141.3   160.1   244.5   279.9   304.4   324.7   346.2   371.0   407.5   499.9   927.3  2420.5  16585.8    16566
read      262.2   139.8    74.4   123.5   137.4   244.0   291.6   317.0   337.0   360.9   392.2   453.7   736.2  1424.1  2758.6  54069.6    53985
read      248.8   115.7    74.4   121.0   135.0   228.5   277.4   305.6   327.4   354.5   388.6   438.7   560.7  1059.8  2263.2 102071.0   101949
read      240.5    75.3    80.4   133.8   149.7   237.6   268.1   283.8   294.7   311.1   332.6   364.6   427.8   581.7  2200.5  23965.6    24076
read      268.4   171.2    74.4   120.0   133.5   242.5   295.6   332.2   359.4   389.8   427.8   485.7   631.4  2354.6  4900.0  52497.8    52574
read      275.9   224.5    74.4   123.5   138.4   237.2   289.8   321.6   346.5   377.1   418.6   490.2  1040.7  3084.2  6960.1 106069.4   106271
read      247.0   115.4    74.4   120.6   134.2   225.3   274.9   303.8   326.2   353.6   388.3   438.3   559.1  1015.5  2304.1 105542.0   105451
read      244.3   128.7    74.4   118.3   131.1   222.7   274.4   302.4   324.2   351.2   384.0   431.2   546.9   976.7  4280.8  86146.2    86087
read      247.9    91.9    80.4   131.3   146.3   241.3   275.6   295.1   311.8   332.2   358.1   395.4   468.3   612.9  3163.6  29145.4    29108
read      262.6   225.4    74.4   120.4   134.2   227.8   278.1   307.7   331.0   359.3   395.8   458.2   801.0  2985.0  7758.0 101042.8   101115
read      241.5   125.7    74.4   117.5   130.3   222.7   274.5   300.6   320.7   345.8   375.5   419.5   517.6   859.9  3642.2  74308.8    74326
read      240.8   101.2    74.4   117.6   130.3   222.7   274.6   301.6   322.2   346.6   377.7   421.6   517.0   737.7  1425.7  75866.6    75832
read      243.5   113.1    74.4   118.9   131.9   222.8   272.6   300.4   322.2   349.0   383.4   432.9   548.3   874.3  2142.2  94948.2    94901
read      254.0   102.1    86.8   142.6   160.9   240.8   274.3   296.6   316.9   338.7   364.1   400.7   490.6   952.3  4124.1  15742.8    15809
read      297.0   132.4    80.4   130.1   148.9   274.6   347.1   381.7   403.3   429.7   461.9   509.4   621.7  1077.6  1857.3  28866.6    28874
read      270.3   131.5    74.4   120.2   133.2   246.3   302.1   341.9   371.2   403.6   447.1   509.0   645.5   980.8  2091.3  51985.4    51882
read      261.6   129.2    80.4   130.0   144.8   249.5   289.3   315.2   336.1   360.0   389.0   431.5   527.2  1517.9  3936.4  32756.8    32653
read      263.4   108.0    80.4   124.6   138.6   249.8   295.9   328.4   352.9   380.6   413.5   462.7   555.4   700.3  1313.2  41645.0    41676
read      284.3   187.6    74.4   121.1   134.4   244.3   309.9   356.4   392.1   436.5   494.8   578.1   741.2  1532.9  7251.9  63131.6    63019
read      289.8   273.8    80.4   127.0   141.6   243.9   296.9   332.0   359.1   391.9   435.4   520.9  1209.9  3555.9  8070.2  99376.2    99164
read      244.7    92.4    74.4   125.1   139.2   240.2   281.8   301.6   316.3   334.9   358.0   390.9   459.8   593.3  2086.1  46974.4    47055
read      240.4   113.8    74.4   118.7   131.6   227.3   276.8   300.1   317.5   338.9   365.2   401.5   483.0   762.0  2498.2  62270.8    62394
read      247.5   128.8    68.9   118.4   131.7   222.7   272.8   301.1   323.3   351.4   387.8   443.6   638.4  1434.9  2558.8  98668.4    98519
read      238.4    78.1    80.4   131.0   146.1   238.4   270.2   285.3   295.1   308.7   325.2   354.4   417.4   563.6  2277.4  32234.8    32122
read      243.3    96.7    74.4   122.1   135.9   237.2   281.0   301.0   316.2   334.7   358.3   393.5   467.7   688.0  2379.5  49528.6    49464
read      237.8    78.7    80.4   134.0   149.6   232.8   263.9   279.3   291.5   307.3   328.9   362.5   428.8   577.8  2114.4  24094.8    24034
read      241.5   143.0    74.4   116.1   128.6   218.3   271.3   297.4   318.3   343.5   375.0   424.7   566.9  1371.8  5350.3  77329.0    77363
read      240.6   110.2    74.4   118.1   130.8   219.4   269.7   296.6   318.5   345.7   379.2   428.2   540.8   903.0  2451.1  91690.0    91698
read      252.3   140.2    80.4   123.8   138.1   240.1   280.4   303.1   321.2   345.8   375.0   420.5   522.5  1696.1  4355.7  39278.8    38997
read      243.7   115.9    74.4   117.8   130.6   221.7   273.8   301.8   323.6   350.3   384.0   432.8   557.5  1074.9  2457.4  85964.0    86028
read      240.8   117.9    68.9   116.7   129.5   220.6   272.4   299.4   320.9   347.5   379.1   425.5   532.3   859.4  1977.6  83065.2    83012
read      243.0    87.4    86.8   139.8   156.8   233.0   265.1   282.9   296.7   316.8   340.5   372.3   451.4   775.5  2797.4  15049.2    15024
read      249.4   146.2    74.4   119.5   132.6   232.2   280.7   303.9   320.8   342.7   371.0   419.6   613.9  1662.9  4644.6  56694.2    56640
read      237.3   109.7    74.4   116.9   129.5   216.6   265.8   291.9   312.7   338.8   371.6   422.7   536.1   920.1  2214.5  97332.0    97362
read      247.6   138.8    74.4   120.4   134.0   223.8   272.0   299.6   321.4   349.0   385.5   439.5   588.3  1515.3  4053.9 107407.0   107412
read      238.8   102.7    74.4   118.1   130.7   224.6   275.3   298.7   316.8   338.7   365.7   403.2   495.7   698.1  1863.1  64981.6    65030
read      237.1   105.0    68.9   116.1   128.7   217.4   269.4   295.4   315.8   340.5   371.6   417.5   520.6   780.5  2588.5  79344.4    79278
read      241.4   117.0    74.4   122.9   136.7   236.2   277.5   295.7   310.0   326.3   347.3   381.6   459.5   832.6  4091.1  47520.2    47544
read      238.8   118.9    74.4   118.4   131.7   220.0   268.6   294.3   314.6   339.9   372.0   421.1   513.1   667.2  2243.8 104999.0   105368
read      240.3    95.2    74.4   119.8   133.2   231.5   279.0   300.2   316.1   335.4   359.9   395.1   465.0   607.2  2419.7  58283.2    58181
read      239.7    93.8    74.4   120.0   133.5   231.8   278.7   299.3   315.0   333.8   357.7   392.2   458.4   586.0  2460.0  56927.2    56960
read      220.3    91.5    80.4   144.3   159.9   217.3   237.4   248.6   255.8   265.5   275.3   295.2   351.9   565.1  4331.3  14811.4    14849
read      238.6    94.4    68.9   118.3   131.5   227.3   277.0   299.4   316.2   336.6   362.6   398.6   468.0   593.2  2052.1  63438.8    63672
read      240.4    86.5    74.4   122.8   136.7   237.3   278.8   297.0   311.4   327.8   349.2   381.6   442.1   564.8  1528.5  48335.2    48289
read      215.5    59.4    80.4   147.6   161.3   212.3   230.8   241.3   249.0   257.6   269.5   288.2   340.4   558.4  2041.7  11940.6    11797
read      211.0    87.7    86.8   147.0   159.7   206.4   223.6   233.2   240.6   249.4   260.7   277.1   334.2   590.3  3986.9  10807.4    10781
read      238.8    90.6    74.4   122.3   136.2   235.4   277.1   295.2   309.1   324.7   345.9   377.4   437.9   555.9  1896.4  49308.6    49362
read      241.3   105.0    74.4   118.8   132.2   222.4   271.2   297.7   319.0   345.0   378.3   427.9   527.4   681.0  1908.8 102181.8   102119
read      238.6    83.8    74.4   123.2   137.4   236.1   275.8   293.7   307.1   321.9   342.8   373.4   434.6   562.5  1922.2  46078.0    46213
read      238.0   106.9    74.4   117.1   130.2   218.7   268.7   294.8   315.5   341.3   373.0   420.5   512.8   701.5  2393.1  96898.0    97025
read      225.3    68.0    80.4   142.4   157.8   223.6   246.7   258.5   266.8   275.1   288.5   307.9   357.6   546.5  2406.0  18408.8    18351
read      229.0    62.7    80.4   139.7   155.6   229.0   253.4   265.5   273.1   283.8   295.6   317.3   371.1   527.9  1760.8  21376.4    21426
read      243.0    83.3    74.4   128.7   143.1   242.3   279.7   296.2   309.3   323.4   343.2   372.1   429.8   563.1  2025.3  43064.8    43013
read      239.7   105.0    74.4   118.6   131.6   225.6   276.4   300.0   318.0   339.7   366.9   404.0   484.2   640.8  2688.5  67259.2    67376
read      238.2    77.9    80.4   129.3   143.8   240.0   272.7   287.9   297.5   311.0   326.9   353.6   404.8   510.3  1518.9  36183.8    36043
read      201.5    72.5   101.3   146.3   155.9   195.5   211.2   219.7   227.5   235.2   248.0   267.8   333.2   579.3  3943.6   6242.8     6255
read      243.8   107.5    74.4   119.6   133.3   224.9   273.8   301.0   322.2   348.8   382.6   431.6   531.5   698.0  2319.7 102372.4   102499
read      234.9    91.9    74.4   135.9   151.7   235.2   262.9   275.3   285.2   295.1   310.2   333.5   387.5   552.5  3434.6  26339.4    26263
read      238.9    92.9    74.4   119.5   132.9   230.8   277.9   298.6   314.4   333.3   357.2   391.1   456.7   576.8  1998.9  57013.0    56974
read      238.5    85.5    74.4   124.9   139.4   238.3   274.7   291.3   303.1   317.0   336.3   365.4   423.3   541.4  2261.5  40779.2    40869
read      240.0    83.8    74.4   123.5   137.8   237.9   278.5   296.0   309.7   325.0   345.0   374.6   434.7   547.3  1094.8  46547.6    46514
read      211.3    64.3    86.8   146.2   159.3   207.8   225.7   235.4   243.7   252.3   264.2   280.8   330.3   556.1  2866.8  11409.2    11431
read      238.1    97.1    74.4   119.0   132.2   228.9   276.2   296.8   313.0   332.6   357.6   391.5   458.0   620.7  2213.9  58713.2    58600
read      238.7    95.9    74.4   117.6   130.6   225.4   276.1   299.9   318.1   340.3   367.4   404.2   478.0   591.6  1369.5  67950.2    68058
read      239.6    87.2    74.4   120.8   134.5   233.5   278.9   298.6   313.7   331.6   354.5   388.2   453.3   576.5  1279.8  54473.4    54502
read      239.7   102.3    74.4   118.3   131.5   227.8   277.4   300.2   317.3   338.2   363.6   399.7   469.6   633.1  3281.5  64185.4    64022
read      239.8    90.7    74.4   121.7   135.5   234.7   278.8   297.8   312.9   330.3   352.3   384.8   447.8   548.7  1543.7  52109.8    52142
read      244.2   104.3    74.4   119.9   133.7   225.1   274.1   301.7   323.3   349.7   384.5   433.7   533.5   695.3  1516.8 101368.0   101375
read      239.4    85.4    74.4   126.4   140.6   239.1   275.4   291.8   303.6   317.1   336.5   366.0   424.2   577.9  2472.6  40637.8    40606
read      239.3   104.8    74.4   123.0   136.9   236.3   277.3   295.1   308.5   323.1   344.2   373.8   434.2   545.9  3255.9  47264.4    47485
read      240.1    91.2    74.4   123.0   136.8   236.4   278.5   296.8   311.0   327.2   347.9   381.1   439.4   553.5  1380.0  48973.4    48977
read      237.6    84.0    74.4   127.4   141.6   238.2   272.3   287.9   297.8   311.8   329.0   357.5   415.2   566.4  2453.0  38618.0    38615
read      237.8    98.6    74.4   116.8   129.8   220.6   272.3   297.4   317.6   341.8   371.4   414.8   498.0   636.6  1283.0  80149.8    80279
read      236.0    98.6    74.4   116.4   129.1   219.8   271.8   296.3   315.3   338.2   366.5   405.1   484.0   612.3  2455.4  75680.2    75843
read      237.3   102.1    74.4   117.0   130.1   223.9   274.6   297.7   315.5   336.8   363.4   399.7   470.3   615.7  2470.1  67082.4    67095
read      239.8    80.2    74.4   126.4   140.5   239.9   276.8   293.1   305.3   319.1   338.7   367.1   424.1   535.7  1762.7  41293.6    41325
read      240.3    94.0    74.4   120.5   134.0   233.6   279.8   300.4   315.6   334.0   356.9   390.2   456.0   571.5  2013.8  55826.8    55752
read      238.1   101.8    68.9   116.9   129.8   219.9   271.3   297.1   317.6   342.3   372.8   417.6   503.7   656.5  1967.6  85506.4    85561
read      219.8    74.2    86.8   146.0   161.0   216.7   236.8   248.1   255.3   265.1   274.8   294.2   344.3   565.0  3107.7  14160.2    14194
read      236.5    98.8    74.4   116.7   129.5   218.2   269.1   295.0   315.4   340.5   371.8   416.6   503.6   638.7  1816.6  87920.2    88002

Total QPS = 57471.6 (77586656 / 1350.0s)

Total connections = 64
Misses = 0 (0.0%)
Skipped TXs = 0 (0.0%)

RX 19163904032 bytes :   13.5 MB/s
TX          0 bytes :    0.0 MB/s
Warning! Detected max cpu usage > 95%
CPU Usage Stats (avg/min/max): 99.85%,1.51%,100.00%
