#type       avg     std     min      p5     p10     p50     p67     p75     p80     p85     p90     p95     p99    p999   p9999      QPS   target       ts_start         ts_end
read      242.2    72.6    93.8   157.8   171.9   232.4   257.8   271.9   283.2   296.2   317.6   354.8   464.4   953.6  1888.0   4933.0     5000  1777911104576  1777911106855
read      243.7    96.9    86.8   148.4   167.4   237.7   261.6   274.4   285.6   297.3   317.0   349.9   441.8   704.1  3768.8  15022.0    15000  1777911108362  1777911110606
read      256.1    78.0    86.8   140.6   158.9   253.4   283.3   299.2   311.7   326.0   345.7   379.7   468.7   700.1  1352.1  24979.5    25000  1777911112111  1777911114315
read      260.5    97.2    80.4   135.5   152.2   257.6   292.3   310.7   323.4   340.1   363.0   400.6   503.1   970.1  2317.6  34910.5    35000  1777911115822  1777911118026
read      258.5   104.1    80.4   132.3   147.3   254.2   294.0   313.8   327.8   344.1   366.7   401.2   502.1   869.7  3088.8  44972.5    45000  1777911119532  1777911121744
read      262.1   105.4    80.4   129.8   145.3   253.9   300.7   323.5   340.0   359.5   383.9   422.8   533.0   759.8  1889.8  54871.9    55000  1777911123250  1777911125450
read      252.4    95.7    80.4   126.3   140.3   242.8   290.6   314.4   330.9   349.2   373.4   412.0   507.5   681.6  1748.0  64875.7    65000  1777911126955  1777911129159
read      257.8   106.8    80.4   127.7   142.0   244.6   294.6   320.4   338.9   360.5   387.7   428.8   535.9   736.0  2318.3  74679.5    75000  1777911130665  1777911132869
read      264.3   111.7    80.4   129.3   144.1   246.4   298.4   326.2   345.7   369.4   400.0   453.9   610.2   948.2  1685.0  84737.9    85000  1777911134373  1777911136575
read      265.9   122.7    80.4   130.3   145.3   246.4   297.9   325.6   345.4   370.0   401.5   457.1   625.9  1057.7  3318.4  94997.0    95000  1777911138082  1777911140283
read      286.7   130.2    80.4   138.8   156.4   265.8   317.0   345.6   367.7   394.2   431.0   504.8   705.5  1154.8  3104.5 105333.6   105000  1777911141788  1777911143989
read      328.4   181.5    86.8   142.6   161.0   284.7   353.8   398.9   435.4   484.7   554.2   670.2   934.2  1438.1  2845.3 114872.4   115000  1777911145494  1777911147698
read      369.9   200.0    80.4   163.9   189.5   333.1   401.3   445.5   482.1   531.5   599.5   707.1   917.6  1491.0  4503.8 124869.5   125000  1777911149202  1777911151403
Warning! Detected max cpu usage > 95%
CPU Usage Stats (avg/min/max): 50.50%,1.01%,100.00%
