#type       avg     std     min      p5     p10     p50     p67     p75     p80     p85     p90     p95     p99    p999   p9999     QPS   target
read      560.3   767.6   118.1   219.2   243.1   330.1   382.2   436.2   533.2   925.2  1061.6  1942.0  2859.3  8050.6 10159.9   4980.8     5000
read      688.7   843.5   109.4   214.8   253.8   379.8   481.8   873.8  1003.4  1144.6  1584.6  2023.9  3725.0  8082.8  9679.9  10036.6    10000
read     4252.2  2975.1   109.4   338.4   456.6  3974.3  4548.5  5489.3  6417.4  7169.8  7876.3  9081.2 15178.4 20757.0 30701.6  14104.4    15000
read     4688.4  1950.4   148.8  1800.8  3514.9  4059.8  4387.7  4995.1  6021.7  6633.7  7539.1  8101.5 11398.5 16589.4 22385.8  15434.6    20000
read     4225.3  1606.0   137.8  1665.9  3254.9  3909.8  4064.6  4272.0  4452.5  5575.3  6448.1  7743.7  9170.9 15062.5 16655.3  17041.2    25000
read     4601.2  1848.1   187.4  1803.4  3518.1  4033.3  4339.1  4711.0  5782.5  6408.2  7236.6  8017.6 10691.3 16118.3 19264.9  15728.6    30000
read     4133.5  1558.1   127.6  1626.1  3006.9  3864.9  4034.6  4207.7  4366.2  5104.8  6254.3  7654.9  8825.3 14985.2 17831.4  17414.8    35000
read     4392.1  1726.7   173.5  1685.6  3360.8  3954.8  4197.4  4414.8  5023.5  6059.7  7019.2  7872.4  9771.9 15763.2 17211.5  16429.8    40000
read     4524.1  1828.3   218.6  1718.9  3500.1  3996.5  4275.5  4593.7  5536.1  6283.1  7223.7  7988.4 10275.8 15952.2 18892.6  16056.0    45000
read     4343.7  1625.1   236.1  1695.4  3419.3  3957.6  4182.9  4363.8  4732.7  5837.6  6660.9  7794.9  9333.0 15557.7 17399.8  16642.6    50000
read     4338.4  1663.7   202.4  1690.4  3382.2  3943.4  4152.3  4349.9  4699.2  5891.7  6737.5  7827.4  9653.0 15450.7 17268.4  16662.8    55000
read     4495.6  1781.9   218.6  1727.7  3496.3  3995.1  4272.5  4565.8  5355.5  6222.3  7057.6  7928.1 10059.0 16058.3 24469.9  16106.2    60000
read     4924.4  2161.4   255.0  1853.3  3532.2  4139.4  4693.2  5854.9  6498.8  7129.6  7798.0  8606.7 13835.1 16961.2 23724.3  14822.2    65000
read     4727.2  2009.5   202.4  1853.1  3529.7  4055.7  4399.6  4988.0  6066.1  6641.6  7558.5  8172.9 12694.0 16335.7 25243.6  15427.6    70000
read     4613.5  2100.6   255.0  1695.3  3416.4  3978.5  4288.2  4777.5  5732.9  6546.5  7571.0  8205.8 12949.7 16804.5 25129.4  15859.6    75000
read     6133.9  3272.8   297.4  3515.4  3725.2  4754.8  6746.5  7578.1  7968.2  8616.5  9904.2 13148.8 17348.9 25478.1 32257.1  12217.2    80000
Warning! Detected max cpu usage > 95%
CPU Usage Stats (avg/min/max): 66.90%,0.51%,100.00%