#type       avg     std     min      p5     p10     p50     p67     p75     p80     p85     p90     p95     p99    p999   p9999     QPS   target
read      582.8   840.6   118.1   220.5   243.2   329.3   384.5   443.8   559.7   950.3  1095.0  1956.4  3595.2  8130.0 14524.7   4905.2     5000
read      719.0   892.6   101.3   211.8   258.7   384.3   495.7   898.7  1028.0  1173.7  1886.8  2052.9  4871.9  8063.6  9492.8  10015.0    10000
read      757.5   796.6   109.4   201.4   252.1   432.5   653.3  1009.5  1141.4  1348.6  1915.9  2111.2  3055.1  8016.2 10110.9  14992.8    15000
read     4287.3  1773.3   118.1  1581.5  2474.9  3927.5  4178.5  4386.0  4849.4  5938.3  6826.4  7839.2  9600.4 15860.6 19292.9  16677.0    20000
read     4435.7  1724.2   137.8  1706.9  3447.4  3977.7  4241.7  4493.5  5124.0  6142.8  7037.8  7904.9  9642.5 15772.9 18376.0  16271.0    25000
read     4284.9  1550.1   187.4  1717.8  3490.7  3941.5  4116.2  4305.1  4508.1  5643.1  6406.1  7726.6  9139.9 15100.0 19826.5  16816.4    30000
read     4256.3  1601.4   148.8  1648.0  3287.4  3926.9  4103.5  4310.3  4557.7  5672.4  6538.2  7754.5  9249.5 14983.2 16262.3  16962.0    35000
read     4364.3  1726.7   187.4  1673.4  3336.0  3940.5  4171.0  4382.3  4931.2  5995.4  6895.2  7878.8  9845.0 15675.7 17719.1  16533.2    40000
read     3923.4  1506.8   173.5  1540.5  1709.0  3750.7  3938.3  4029.1  4139.0  4452.2  5813.7  7590.0  8309.2 12125.1 15655.0  18334.4    45000
read     4335.6  1589.7   218.6  1735.4  3494.7  3958.3  4167.2  4340.4  4609.0  5826.6  6583.8  7781.6  9377.7 15264.8 16490.1  16648.6    50000
read     4464.4  1717.5   218.6  1762.0  3522.8  3979.2  4214.3  4394.3  5010.1  6098.1  6968.6  7909.4  9792.3 15957.4 21531.7  16209.2    55000
read     4748.7  1856.7   255.0  2116.2  3561.0  4111.6  4486.7  5137.5  6134.4  6691.8  7539.5  8077.5 10475.9 16108.3 18314.2  15325.8    60000
read     4216.4  1607.8   218.6  1641.7  3242.6  3893.3  4068.7  4282.8  4490.9  5545.6  6444.0  7748.6  9182.9 15294.0 17828.1  17083.4    65000
read     4261.4  1519.2   218.6  1710.8  3458.4  3935.1  4099.0  4286.2  4428.6  5587.6  6375.9  7736.5  8962.1 13932.6 16220.6  16883.2    70000
read     4504.0  1751.3   173.5  1722.1  3501.5  4005.9  4298.5  4627.2  5322.6  6280.0  7074.3  7909.9  9855.6 15974.9 17989.4  16059.6    75000
read     4358.1  1672.5   218.6  1703.2  3416.1  3949.7  4162.8  4364.2  4748.2  5951.7  6793.9  7840.7  9532.0 15633.2 20784.6  16590.6    80000
Warning! Detected max cpu usage > 95%
CPU Usage Stats (avg/min/max): 66.30%,0.50%,100.00%