#type       avg     std     min      p5     p10     p50     p67     p75     p80     p85     p90     p95     p99    p999   p9999     QPS   target
read      508.9   656.2   118.1   212.9   236.6   314.2   357.5   394.7   447.9   889.0   997.1  1904.9  2111.9  7917.3 10655.9   5017.6     5000
read      986.8  1712.2   109.4   216.8   257.8   391.7   559.5   988.0  1114.4  1504.7  1998.1  3573.2  9258.3 15860.2 18040.0  10003.6    10000
read     1190.2  1669.3    93.8   215.8   265.9   499.0  1015.5  1291.1  1587.0  2025.6  2631.6  4341.8  8050.9 15331.0 19259.3  14886.6    15000
read     5258.7  2690.4   160.7  1866.2  3543.8  4237.2  5108.7  6418.3  6969.0  7655.5  8161.8  9913.9 15776.0 24716.3 30116.6  13992.4    20000
read     4045.6  1606.7   118.1  1538.0  1720.2  3793.4  4003.3  4169.0  4366.1  5146.4  6291.9  7663.1  8763.5 14503.4 16292.9  17721.4    25000
read     4307.4  1720.4   218.6  1694.7  3364.7  3929.5  4106.8  4306.8  4540.8  5651.2  6535.6  7801.7  9878.6 16526.1 25440.6  16745.4    30000
read     4168.5  1607.3   127.6  1613.6  3048.5  3886.8  4049.9  4234.9  4377.1  5177.5  6368.4  7728.7  9203.6 15302.5 17097.2  17292.6    35000
read     4200.9  1576.0   187.4  1645.9  3229.2  3898.2  4063.8  4266.5  4420.2  5478.0  6379.8  7722.4  8911.3 15109.0 18060.5  17133.2    40000
read     4073.7  1526.9   218.6  1617.1  2120.6  3846.7  4008.8  4119.9  4290.3  4736.3  6076.9  7617.4  8823.9 13785.1 16777.8  17660.2    45000
read     3947.7  1536.4   218.6  1541.3  1713.7  3755.8  3945.7  4037.1  4167.4  4475.3  5883.4  7587.3  8549.9 14179.7 16078.1  18231.6    50000
read     4098.2  1601.6   202.4  1615.4  1885.7  3825.7  3999.5  4112.0  4325.3  5145.1  6267.6  7691.8  8949.2 15105.3 19636.4  17585.2    55000
read     4173.0  1495.5   218.6  1660.6  3318.4  3894.3  4045.5  4214.0  4354.8  5231.8  6267.0  7680.2  8620.0 13256.8 16042.5  17225.6    60000
read     4812.8  2262.3   202.4  1736.9  3501.3  4031.8  4409.6  5281.1  6203.5  6949.1  7792.8  8807.6 14296.1 19921.8 25334.7  15187.8    65000
read     4740.6  2131.7   275.4  1705.9  3425.1  4032.7  4434.3  5285.8  6131.9  6854.6  7675.8  8470.1 13192.8 16235.0 24739.0  15292.2    70000
read     4382.8  1691.6   236.1  1730.0  3493.5  3954.2  4163.9  4362.6  4748.7  5887.7  6820.4  7840.3  9778.6 15785.4 19609.9  16502.6    75000
read     4250.3  1746.2   297.4  1603.3  2860.9  3892.1  4079.8  4305.4  4600.1  5732.2  6627.9  7838.2  9945.3 15792.2 20984.0  17022.4    80000
Warning! Detected max cpu usage > 95%
CPU Usage Stats (avg/min/max): 66.73%,1.50%,100.00%