#type       avg     std     min      p5     p10     p50     p67     p75     p80     p85     p90     p95     p99    p999   p9999      QPS   target       ts_start         ts_end
read      272.9   100.2   109.4   173.6   189.0   258.8   288.4   306.1   318.4   335.6   358.6   399.9   599.4  1106.7  3494.7   4928.5     5000  1777978511804  1777978514064
read      312.9   177.8    86.8   162.8   185.5   294.3   331.6   352.9   368.5   388.5   416.5   471.6   940.3  2504.8  3223.0  15160.5    15000  1777978515571  1777978517818
read      309.2   116.0    86.8   150.6   170.7   307.7   351.7   374.1   391.3   410.3   435.0   477.9   592.5   993.0  1851.7  24902.4    25000  1777978519322  1777978521522
read      316.1   122.4    86.8   149.5   167.7   311.3   365.4   393.5   413.3   435.4   464.3   507.4   619.4   951.1  2771.2  34993.5    35000  1777978523028  1777978525231
read      320.8   163.0    86.8   146.7   166.0   303.1   364.1   396.8   420.7   448.7   485.0   545.6   736.3  1428.9  3998.0  44882.0    45000  1777978526736  1777978528937
read      355.8   164.4    86.8   158.2   181.8   332.2   400.3   439.7   468.1   502.6   546.1   623.2   840.5  1340.3  4287.4  55122.5    55000  1777978530442  1777978532645
read      518.7   278.7    86.8   200.3   243.0   466.5   578.1   646.2   697.3   758.2   842.7  1009.3  1414.1  1806.6  7232.2  64920.0    65000  1777978534149  1777978536349
read      917.9   404.2   127.6   593.5   652.6   815.4   876.1   931.9  1014.9  1294.8  1470.0  1598.8  1797.7  7192.1  9274.8  70553.5    75000  1777978537855  1777978540055
read     1042.7   436.1   173.5   731.8   780.0   926.5   985.5  1016.4  1075.1  1386.6  1672.6  1819.2  2009.8  7326.7  8339.2  63463.5    85000  1777978541560  1777978543763
read     1025.9   458.8   148.8   666.5   731.7   914.8   986.4  1039.7  1124.6  1389.2  1613.9  1776.5  2011.3  7407.5  9878.6  64645.4    95000  1777978545268  1777978547475
read      993.0   447.1   101.3   695.3   738.2   875.0   928.4   970.1  1011.7  1364.7  1599.8  1729.3  1913.2  7276.2  8704.8  66563.6   105000  1777978548980  1777978551181
read      995.8   421.5   187.4   710.9   754.5   881.4   932.4   974.8  1011.0  1330.5  1609.1  1729.4  1885.2  7299.3  8122.8  66505.9   115000  1777978552685  1777978554884
read      951.8   413.4   127.6   664.3   706.2   840.4   896.8   935.9   995.1  1334.5  1526.8  1654.9  1841.9  7209.3 10143.9  69339.2   125000  1777978556388  1777978558587
Warning! Detected max cpu usage > 95%
CPU Usage Stats (avg/min/max): 50.50%,1.01%,100.00%
