Random waveform, supplied seed
Total number of intervals = 320 (6927, 52892, 98921, 61129, 40613, 53226, 38560, 103465, 104758, 94759, 37799, 8296, 69443, 12517, 43591, 20430, 93758, 10485, 16518, 83230, 5484, 55611, 20774, 96726, 32442, 73039, 74055, 51197, 59442, 35654, 78747, 42212, 52488, 36950, 16762, 79473, 61431, 87172, 108181, 80515, 37149, 13444, 72057, 70041, 90162, 52082, 24258, 72013, 58012, 45398, 50177, 34504, 66010, 73937, 55020, 53235, 97743, 5419, 14764, 7451, 48208, 16149, 78989, 18886, 75954, 44409, 16431, 85707, 58253, 103867, 21604, 90401, 84467, 99700, 32052, 18173, 67789, 51929, 83850, 18614, 29315, 108090, 27024, 49907, 9150, 34328, 51881, 14569, 81517, 78694, 93409, 39093, 18729, 70818, 21942, 91810, 39588, 40957, 62645, 15539, 107672, 32954, 58866, 23739, 54701, 60706, 72350, 58661, 34912, 103268, 38703, 83358, 57408, 86837, 33517, 66204, 73758, 99742, 109462, 94453, 44096, 100467, 8576, 59359, 7614, 60329, 43762, 67038, 26095, 71173, 109276, 13150, 61250, 84472, 82226, 27671, 98736, 106314, 105027, 96867, 89493, 50538, 22083, 48618, 94298, 63579, 64573, 77178, 29824, 64495, 20917, 85651, 61935, 50216, 72251, 71798, 19701, 24952, 81838, 26648, 24837, 29420, 103882, 70314, 61679, 49557, 19325, 9128, 94933, 24327, 71896, 93771, 20452, 42338, 72627, 80603, 49049, 92305, 56889, 78036, 71583, 72609, 107382, 86530, 16550, 84534, 72631, 49291, 62175, 80213, 16566, 53985, 101949, 24076, 52574, 106271, 105451, 86087, 29108, 101115, 74326, 75832, 94901, 15809, 28874, 51882, 32653, 41676, 63019, 99164, 47055, 62394, 98519, 32122, 49464, 24034, 77363, 91698, 38997, 86028, 83012, 15024, 56640, 97362, 107412, 65030, 79278, 47544, 105368, 58181, 56960, 14849, 63672, 48289, 11797, 10781, 49362, 102119, 46213, 97025, 18351, 21426, 43013, 67376, 36043, 6255, 102499, 26263, 56974, 40869, 46514, 11431, 58600, 68058, 54502, 64022, 52142, 101375, 40606, 47485, 48977, 38615, 80279, 75843, 67095, 41325, 55752, 85561, 14194, 88002, 90515, 109283, 26699, 37400, 19307, 11527, 83787, 22209, 75169, 73833, 94641, 61338, 91825, 77235, 37257, 32057, 108618, 72930, 43714, 87369, 56640, 97360, 79788, 11352, 87962, 40663, 59386, 48302, 19398, 82197, 77387, 72753, 7720, 46279, 42102, 90892, 39976, 61084, 16735, 45909, 28976, 84704, 101822, 92571, 12106, 58568, 51319, 21556, 14191, 29072)
Average QPS expected = 57359
Timestamp start: 1777463841418
Timestamp end: 1777465441783

#type       avg     std     min      p5     p10     p50     p67     p75     p80     p85     p90     p95     p99    p999   p9999      QPS   target
read      246.3   156.0   101.3   161.0   174.5   230.6   253.0   267.2   277.2   291.4   312.3   349.9   526.1  2048.9  7707.1   6866.6     6927
read      300.0   233.9    80.4   131.6   147.2   271.9   329.5   362.9   388.1   420.6   465.2   538.3   737.3  3472.5  8131.6  52775.8    52892
read      444.3   906.1    80.4   137.7   155.2   278.4   336.1   371.3   400.5   441.4   509.7   729.0  6245.6  8317.6  9797.0  98840.8    98921
read      335.4   353.5    80.4   128.8   144.3   277.1   354.4   400.4   435.1   478.1   536.2   635.9  1280.5  5352.9  9994.3  61160.8    61129
read      394.7   637.6    80.4   133.5   152.5   302.5   378.7   417.4   445.1   477.0   519.1   599.7  3021.2  8355.9 13783.2  40670.6    40613
read      408.4   636.2    80.4   131.3   149.9   308.5   399.1   447.9   481.0   519.9   572.0   677.9  2997.4  8247.2 15184.7  53205.4    53226
read      358.7   528.1    80.4   133.7   152.8   303.0   375.9   412.6   438.0   467.4   505.9   575.0  1516.4  8336.8 17295.8  38542.8    38560
read      439.4   629.9    80.4   141.0   159.9   289.5   355.2   397.0   431.8   483.7   584.2  1500.6  3495.6  7286.0  9378.1 103391.2   103465
read      265.4   173.0    80.4   127.5   140.7   234.1   292.0   322.2   343.4   369.1   402.2   463.6   731.4  2350.3  4529.7 104709.6   104758
read      263.6   149.5    74.4   127.6   140.8   236.0   296.2   326.4   346.6   372.0   403.7   460.7   663.6  1638.1  4312.1  94897.2    94759
read      313.8   219.2    80.4   137.2   154.0   286.1   339.6   372.6   397.4   427.7   467.2   537.2   989.4  2932.6  7075.9  37894.8    37799
read      273.3   174.4    93.8   167.4   184.1   255.3   283.7   299.6   312.9   329.0   352.9   403.4   631.1  2247.4  7371.1   8366.8     8296
read      669.3   793.9    80.4   148.1   169.8   336.8   548.6   760.2   959.8  1295.8  1692.4  2403.0  3481.1  7680.9  8631.5  69413.8    69443
read      287.4   141.1    93.8   160.2   180.6   272.8   310.8   332.1   347.3   369.2   397.4   440.3   576.6  1789.2  4379.8  12538.6    12517
read      376.0   394.3    80.4   136.3   155.7   317.3   398.0   439.9   468.9   503.8   548.2   637.3  1924.4  5648.4  8115.0  43441.4    43591
read      321.8   202.3    86.8   149.4   171.9   298.9   347.1   374.4   394.2   417.0   447.1   505.0  1020.1  2484.1  6940.3  20437.6    20430
read      413.4   662.9    80.4   134.8   151.2   277.1   341.2   377.1   406.6   449.6   528.1   927.2  3595.2  7753.0 13330.1  93990.8    93758
read      253.5   115.9    86.8   164.0   182.2   242.4   265.9   278.8   289.8   303.3   322.2   362.9   489.3  1272.3  5039.4  10471.8    10485
read      266.7    93.6    86.8   152.5   174.2   260.9   289.9   306.2   317.6   333.3   354.3   393.6   501.8  1156.2  3347.5  16431.6    16518
read      321.4   367.0    74.4   127.7   141.8   257.3   323.4   364.4   397.5   439.3   495.5   587.8  1676.7  5452.6  8038.9  83228.6    83230
read      244.1   123.0   101.3   162.4   177.6   230.0   252.0   265.9   275.2   289.6   308.8   346.1   499.0  1310.6  7584.9   5515.8     5484
read      337.5   539.0    80.4   127.7   142.2   272.6   337.2   372.9   401.0   434.7   479.2   554.5  1939.9  8021.7 19159.0  55370.4    55611
read      270.3    91.7    86.8   145.5   164.7   266.5   299.1   316.7   330.0   345.1   367.0   402.5   519.3   941.8  2081.8  20896.4    20774
read      299.5   288.9    74.4   128.7   142.7   248.7   313.4   348.4   373.3   405.0   456.6   566.1  1238.2  3852.0  8553.2  96740.0    96726
read      278.1   107.7    80.4   140.8   157.0   273.4   313.4   335.0   350.1   368.9   396.1   441.4   558.9   946.7  2388.9  32611.4    32442
read      301.1   254.5    80.4   125.1   138.5   257.3   324.7   363.3   394.4   432.5   482.2   559.1  1155.6  3248.4  7722.1  73191.0    73039
read      292.3   216.7    80.4   124.4   137.9   254.4   320.5   359.5   390.3   428.5   476.5   552.9   875.3  2860.3  5571.7  74102.6    74055
read      275.4   131.7    80.4   127.1   140.7   262.7   317.3   346.2   367.6   393.7   427.3   474.9   586.5  1173.0  2816.3  51099.6    51197
read      285.4   194.3    80.4   125.3   138.9   260.9   320.3   353.3   378.4   409.8   449.5   506.4   675.9  2713.4  6987.0  59517.0    59442
read      273.4   111.1    80.4   135.9   151.2   268.3   311.5   334.6   350.9   370.5   397.4   436.9   530.3   925.5  2805.6  35688.6    35654
read      293.4   240.3    80.4   124.0   137.2   250.1   317.7   357.0   389.4   430.2   482.1   562.0   850.3  3383.4  7290.3  78597.6    78747
read      274.2   118.2    80.4   131.2   145.7   267.2   315.3   340.3   358.9   380.9   409.7   453.0   543.5  1069.0  2936.0  42187.2    42212
read      279.1   166.4    74.4   126.8   140.3   261.9   317.5   346.7   369.5   397.1   432.0   485.8   626.1  1880.0  3489.4  52428.8    52488
read      275.8   108.5    80.4   137.2   152.5   272.6   316.4   338.5   354.5   373.1   399.0   437.7   532.3   827.5  2791.5  37076.4    36950
read      269.6   133.2    93.8   151.6   172.2   260.8   292.0   309.8   321.8   339.1   363.3   404.4   523.8  1054.5  6770.0  16804.8    16762
read      736.2  1073.4    80.4   152.7   176.2   309.7   383.7   460.7   636.9  1542.7  2528.0  3010.7  4766.8  7976.2 10081.3  79199.0    79473
read      270.1   126.8    80.4   127.4   140.8   253.0   312.7   341.2   362.6   388.2   421.7   473.9   590.3   995.4  3291.4  61295.4    61431
read      296.2   188.0    80.4   128.4   142.0   251.2   318.2   360.5   396.7   446.6   514.9   621.5   872.1  1403.6  2922.9  87229.0    87172
read      315.1   369.2    80.4   132.3   147.2   249.3   306.1   337.3   360.7   389.9   431.2   528.8  2316.8  3639.4  8002.3 108207.2   108181
read      255.4   109.7    74.4   127.1   139.6   235.1   295.7   324.8   343.3   365.6   393.6   434.9   545.5   937.4  1923.6  80505.8    80515
read      293.3   139.9    80.4   136.7   153.7   283.7   337.2   366.9   387.9   410.9   439.8   484.7   578.4   979.5  3434.1  37261.0    37149
read      263.5   121.6    93.8   155.6   175.1   258.5   288.2   304.3   315.6   329.6   346.3   377.8   457.0  1105.9  6375.1  13438.4    13444
read      346.4   321.5    74.4   129.9   144.5   266.6   338.5   388.0   430.6   491.1   584.0   807.5  1765.1  3210.1  7646.8  72069.2    72057
read      277.7   154.2    80.4   127.2   140.2   250.3   313.1   347.6   375.7   409.3   453.1   518.4   666.7  1327.3  4396.1  70083.6    70041
read      316.8   254.5    80.4   129.9   143.9   251.7   322.0   373.1   419.5   481.6   561.3   690.1  1137.6  3165.2  6868.8  90140.4    90162
read      331.4   176.7    80.4   133.2   150.4   298.6   385.2   431.3   464.0   501.6   546.2   615.8   799.4  1579.1  3955.5  52009.8    52082
read      312.2   171.5    80.4   146.1   166.1   293.7   349.4   378.7   398.3   421.9   452.0   501.8   790.8  2216.1  4391.7  24311.6    24258
read      447.2   679.1    80.4   131.9   147.1   271.3   337.9   381.4   418.7   471.7   591.5  1750.6  3468.9  7541.2  8537.2  72099.4    72013
read      340.3   208.8    80.4   132.4   149.0   296.8   387.6   438.8   475.9   519.1   573.5   657.6   916.0  2295.5  4214.1  58004.6    58012
read      334.3   187.9    80.4   135.0   153.0   307.2   390.5   431.2   459.6   491.7   531.0   589.0   780.3  2154.6  3874.9  45218.4    45398
read      358.5   255.2    80.4   135.8   154.6   318.8   409.3   455.3   487.2   523.7   570.4   648.4  1092.8  3187.0  7659.1  50183.6    50177
read      320.5   160.5    80.4   138.9   157.6   301.5   370.3   403.8   427.6   454.8   489.0   542.1   745.4  1650.1  3572.6  34383.4    34504
read      458.4   521.8    80.4   136.2   153.2   292.7   383.4   467.4   559.1   696.5   932.1  1458.6  2672.6  4602.4  8043.3  66059.4    66010
read      465.4   712.0    80.4   132.7   148.6   271.6   336.3   377.4   414.3   471.1   656.7  1983.2  3663.1  7564.3  8326.6  73970.4    73937
read      345.8   196.4    80.4   134.3   152.1   307.8   399.8   450.3   485.3   525.4   575.9   654.0   902.9  1919.8  3133.1  55105.0    55020
read      352.1   196.2    86.8   135.4   154.1   317.9   412.9   461.1   494.3   531.7   577.4   645.3   865.4  1999.7  3624.3  53216.4    53235
read      445.3   622.7    80.4   139.7   157.8   291.0   362.5   411.1   456.6   526.7   654.9  1397.6  3346.6  6779.9  8260.6  97761.4    97743
read      245.8   109.6   109.4   162.3   174.0   229.4   253.9   269.5   281.7   297.3   320.1   366.7   514.7  1365.3  3853.7   5444.8     5419
read      285.8   135.3    93.8   153.3   171.9   269.0   308.8   331.0   347.1   368.4   397.1   449.6   723.1  1612.4  3820.1  14670.2    14764
read      249.4   120.3    93.8   158.0   172.0   235.4   261.9   276.4   288.8   303.6   325.2   369.3   525.1  1332.7  6120.0   7425.4     7451
read      331.6   199.4    74.4   134.4   152.6   302.9   381.3   420.9   449.3   482.5   526.8   597.0   859.1  2085.9  7184.9  48069.2    48208
read      275.9   131.9    93.8   150.5   169.4   266.2   302.5   321.5   337.7   356.0   378.7   418.3   530.2  1391.8  5325.0  16090.0    16149
read      475.2   730.2    80.4   133.9   150.7   276.3   340.3   384.8   425.0   489.0   662.6  2080.8  3822.1  7582.8  8566.7  79050.4    78989
read      283.2   140.1    86.8   147.3   165.6   268.6   309.9   333.3   350.3   370.1   396.1   439.3   662.8  1801.1  4575.5  18987.2    18886
read      420.5   626.3    80.4   128.8   143.2   262.3   330.1   376.6   417.3   473.8   587.6  1478.1  3265.7  7355.1  8920.3  76014.8    75954
read      330.2   239.3    80.4   131.2   148.6   296.5   374.5   414.0   441.6   473.2   513.2   578.7   994.7  3056.7  7342.2  44516.6    44409
read      282.9   169.1    86.8   147.5   166.2   266.9   306.4   328.1   344.7   365.2   391.8   438.0   707.4  1813.4  5971.7  16438.0    16431
read      478.8   739.2    80.4   134.9   152.0   279.2   341.5   385.2   426.0   497.1   682.0  2072.4  3854.5  7574.0  8735.2  85719.6    85707
read      348.6   308.0    80.4   130.3   146.5   285.7   371.1   422.5   460.8   506.2   570.0   689.3  1434.4  3588.1  8046.0  58216.0    58253
read      403.7   563.7    74.4   137.7   155.0   279.6   341.2   380.0   412.8   460.7   542.1   925.4  3163.6  5945.3  8090.6 103716.0   103867
read      293.2   155.6    80.4   144.0   162.3   273.0   318.2   345.6   365.9   390.0   422.4   479.8   792.5  1873.4  4083.0  21720.8    21604
read      451.0   686.7    80.4   133.2   149.6   273.0   336.6   380.6   421.2   484.1   619.0  1701.4  3708.1  7352.3  8786.5  90457.8    90401
read      310.5   274.0    80.4   127.4   140.8   248.5   316.3   362.8   401.3   453.7   523.9   653.5  1227.8  3587.9  7351.1  84531.6    84467
read      345.4   403.5    80.4   130.5   145.2   250.6   314.4   357.6   396.1   456.8   564.8   831.1  1959.2  4606.6  8131.1  99861.6    99700
read      313.8   208.9    80.4   137.9   155.7   286.1   345.0   377.3   400.1   427.8   464.0   526.0   969.9  2805.4  5328.3  32057.2    32052
read      279.9   168.6    86.8   145.0   163.3   266.9   307.3   328.9   345.1   364.5   388.4   427.0   644.2  1868.1  4066.5  18235.0    18173
read      379.0   465.3    74.4   131.2   147.4   280.1   360.6   417.3   468.4   538.5   636.5   850.5  2083.0  6481.0 13619.3  67660.6    67789
read      334.7   184.7    80.4   130.7   148.8   305.0   392.1   435.8   465.6   499.6   541.2   608.4   846.4  1928.8  3207.3  51733.2    51929
read      398.4   593.7    74.4   129.4   144.3   262.1   325.0   366.9   402.1   455.4   545.4  1117.7  3173.4  6866.9  9131.9  83990.6    83850
read      277.0   145.6    80.4   145.8   164.5   263.0   301.5   322.2   339.8   360.1   385.6   427.6   611.3  1828.0  4877.9  18643.8    18614
read      334.7   362.2    86.8   138.0   156.2   290.3   349.8   380.7   401.8   427.6   461.2   523.3  1560.2  5031.7  8559.4  29347.0    29315
read      454.1   638.1    80.4   143.4   163.2   302.0   370.7   419.2   462.4   527.7   635.0  1412.9  3474.5  7273.7  9668.0 108103.6   108090
read      303.1   210.2    80.4   138.9   157.3   277.9   329.9   359.8   380.3   403.0   434.1   487.4   951.9  2789.3  7373.0  26923.6    27024
read      343.2   282.1    74.4   129.2   146.4   299.3   383.9   426.4   455.5   488.9   531.7   603.1  1356.4  3584.9  7804.9  49941.8    49907
read      246.6   121.3    93.8   152.8   167.6   235.1   262.4   277.2   289.3   303.2   321.1   360.8   499.4  1271.7  6674.5   9174.4     9150
read      343.6   473.9    80.4   134.6   152.5   291.1   356.6   389.7   412.3   437.9   470.4   528.0  1407.4  7814.5 10193.8  34494.2    34328
read      364.4   460.7    80.4   129.6   147.0   299.4   387.3   432.0   463.1   499.2   544.1   625.1  1734.8  7264.7 14063.1  51956.0    51881
read      268.3   122.7    93.8   148.3   165.6   255.8   291.0   310.3   323.8   342.3   367.0   407.2   616.0  1560.6  2978.8  14504.8    14569
read      466.9   798.9    74.4   133.6   149.6   272.8   334.7   377.3   418.5   482.2   608.8  1697.0  4278.0  7988.8 10976.3  81436.6    81517
read      279.7   207.3    80.4   123.3   136.0   241.1   306.4   344.3   374.8   412.6   460.6   532.7   730.0  2868.2  6599.8  78781.2    78694
read      328.3   310.2    80.4   130.5   144.7   252.7   322.2   373.0   420.0   484.3   574.1   737.1  1381.9  3609.8  8426.0  93328.8    93409
read      310.5   195.3    80.4   132.9   149.9   286.6   351.6   387.0   410.8   438.3   471.9   528.5   764.1  2689.9  4675.5  39117.0    39093
read      292.5   145.6    86.8   148.8   167.7   275.6   318.8   343.6   361.8   382.3   408.5   459.8   780.0  1853.5  3657.1  18852.2    18729
read      413.0   467.1    80.4   131.1   147.0   276.3   361.6   432.6   510.6   621.8   783.6  1172.0  2528.2  4512.4  8071.5  70896.6    70818
read      294.1   159.8    86.8   142.2   161.7   277.6   324.0   350.2   368.0   388.7   415.0   463.0   788.7  2003.0  3738.7  21810.4    21942
read      486.7   789.8    80.4   136.6   154.2   286.2   352.7   397.7   438.0   501.0   635.2  1963.4  4139.8  7883.5  9401.9  91895.0    91810
read      318.8   230.8    80.4   131.4   148.5   287.3   354.0   390.7   416.2   445.9   483.9   544.6  1032.5  3073.6  7388.8  39698.6    39588
read      337.2   308.0    80.4   131.8   149.5   298.8   373.9   411.3   436.8   466.1   503.4   564.4  1266.6  4494.7  7849.4  40909.8    40957
read      381.9   455.9    80.4   130.1   146.4   287.5   374.1   429.8   471.6   524.8   598.9   778.0  2389.5  6738.8  9163.6  62668.8    62645
read      274.0   119.0    86.8   149.6   168.1   262.3   299.4   319.0   335.1   353.7   377.2   419.1   612.1  1370.8  2136.6  15549.6    15539
read      497.0   739.6    80.4   150.9   173.1   312.2   384.1   433.1   475.2   539.8   680.8  1723.9  4005.4  7767.3  9306.0 107723.0   107672
read      305.9   219.6    86.8   135.3   153.4   280.9   336.2   369.0   392.2   418.8   452.6   503.2   809.1  3175.0  7211.1  32989.4    32954
read      373.3   354.2    80.4   130.6   148.9   310.1   411.3   462.6   498.5   539.6   591.9   686.6  1626.4  4971.6  8071.3  58891.4    58866
read      306.8   198.2    80.4   142.6   161.3   284.3   335.4   363.2   382.4   404.0   433.5   485.8   997.3  2436.7  7322.6  23827.2    23739
read      381.2   445.5    80.4   132.9   151.6   311.0   406.7   456.4   490.8   530.5   581.3   674.8  1857.8  7347.3  9170.8  54784.6    54701
read      344.9   234.2    80.4   129.0   145.6   296.7   390.3   442.3   479.3   522.1   576.0   666.9  1098.6  2556.6  4875.4  60696.4    60706
read      464.5   563.8    74.4   131.8   148.1   272.7   352.8   429.4   546.4   756.0  1082.8  1617.8  2697.9  5786.0  8772.6  72216.8    72350
read      335.3   235.6    80.4   131.2   148.2   291.0   371.5   420.3   456.9   499.7   553.7   644.4  1061.6  2338.9  8222.1  58688.0    58661
read      328.9   178.0    86.8   139.4   158.4   305.6   376.7   411.7   436.0   465.5   502.9   563.6   857.7  2017.9  3483.2  34878.2    34912
read      468.9   637.4    80.4   149.2   171.4   314.7   389.0   442.6   490.6   554.3   657.8  1517.4  3478.9  7106.3 11191.6 103188.4   103268
read      324.3   210.3    86.8   136.7   154.2   296.1   365.2   402.0   428.9   460.6   500.6   564.1   856.9  2717.8  5106.2  38602.0    38703
read      442.3   691.5    80.4   132.2   147.9   269.7   336.9   379.3   414.9   467.0   572.6  1632.4  3810.7  7300.3  8137.8  83412.6    83358
read      335.3   248.4    80.4   131.8   147.5   284.5   366.0   415.2   453.0   498.6   559.0   667.2  1125.1  2961.9  7118.2  57479.2    57408
read      305.8   247.7    80.4   128.2   141.3   244.2   314.6   363.8   407.3   467.2   542.4   658.2   987.0  3363.5  7210.5  86838.4    86837
read      311.7   187.7    80.4   137.6   155.2   288.2   350.8   385.0   408.4   436.2   470.9   528.8   761.7  2281.2  5108.0  33439.4    33517
read      500.5   657.1    74.4   135.0   152.0   283.9   365.7   438.5   541.8   752.9  1159.8  1842.5  3130.3  7235.5  8125.9  66299.2    66204
read      484.8   760.3    80.4   133.4   149.6   271.5   337.2   379.9   418.1   479.5   704.9  2386.1  3882.3  7686.6  9289.3  73749.6    73758
read      355.5   397.8    80.4   133.1   148.8   256.0   319.2   359.7   393.6   444.6   563.0   954.5  2187.5  4104.0  7853.8  99596.8    99742
read      259.3   172.6    80.4   128.7   141.7   229.3   283.5   313.2   334.2   359.2   391.6   443.6   649.0  2513.7  5216.0 109528.0   109462
read      313.7   243.9    80.4   130.6   144.7   245.2   310.8   352.7   390.7   450.5   560.2   744.3  1275.4  2345.3  5453.9  94332.0    94453
read      321.3   214.6    80.4   134.2   150.9   289.6   361.8   401.6   430.0   462.0   503.2   570.1   838.8  2772.3  5761.9  43940.2    44096
read      408.0   602.3    80.4   133.3   149.5   266.1   328.9   368.0   400.2   444.4   519.7  1450.2  3370.0  6771.3  8134.6 100239.6   100467
read      251.0   140.7    93.8   156.7   171.1   233.8   263.6   280.5   293.0   308.7   329.5   368.8   538.1  1730.1  4643.6   8600.0     8576
read      349.7   265.6    80.4   131.8   147.8   288.7   379.6   435.0   476.3   526.7   592.6   715.4  1293.6  3073.5  5938.1  59404.6    59359
read      255.9   115.5   101.3   160.3   173.8   238.7   269.6   287.4   300.1   316.9   341.5   390.8   583.9  1344.8  3136.2   7603.6     7614
read      348.5   279.7    80.4   131.0   147.0   287.8   378.7   435.4   477.6   529.8   598.3   714.1  1150.6  3688.3  7407.4  60467.4    60329
read      337.0   211.1    80.4   134.3   152.1   304.8   387.7   428.6   457.7   491.0   532.5   595.2   990.1  2357.0  5048.8  43690.4    43762
read      446.3   493.5    80.4   134.1   150.6   279.1   364.1   442.4   552.5   726.2   989.2  1472.7  2371.0  3965.3  8027.2  67006.2    67038
read      313.7   190.1    86.8   142.8   162.6   292.0   349.0   379.3   399.7   424.1   455.3   506.1   917.5  2271.0  4747.4  26147.0    26095
read      602.0   895.5    80.4   136.9   154.8   285.5   358.5   414.6   479.1   938.0  1744.6  2700.7  4005.3  7823.6  9006.2  70945.4    71173
read      303.3   347.2    80.4   130.3   144.5   241.1   297.0   327.9   350.6   379.0   419.8   508.7  2010.0  3785.1  7880.3 109290.4   109276
read      262.6   109.8    93.8   154.4   171.2   249.4   284.5   303.7   317.8   336.6   361.1   398.0   507.7  1340.7  3028.4  13106.2    13150
read      377.6   337.0    80.4   133.6   150.4   295.9   393.6   456.7   503.4   561.0   641.1   811.1  1722.3  3447.7  7919.8  61099.8    61250
read      356.6   488.0    74.4   130.1   144.9   257.0   321.3   362.3   395.2   438.1   503.7   657.8  2842.5  5567.7  9264.4  84516.6    84472
read      313.6   320.2    74.4   129.5   143.7   254.1   321.1   364.5   398.8   443.4   503.6   599.8  1289.7  4637.5  8138.5  82153.0    82226
read      311.9   183.9    86.8   144.6   163.8   292.1   347.6   379.5   400.6   426.5   459.6   509.5   723.4  2193.2  6124.2  27632.0    27671
read      407.8   595.2    80.4   135.8   152.5   274.7   339.6   379.3   412.2   459.2   541.1  1009.3  3353.9  6646.1  8106.2  98500.0    98736
read      259.8   161.4    80.4   128.9   142.3   231.2   286.6   316.4   337.6   363.2   396.0   450.9   629.1  2227.4  4465.2 106211.0   106314
read      273.8   188.4    80.4   131.8   146.3   242.4   297.8   328.1   350.0   376.9   413.1   474.9   716.8  2956.3  5341.5 104931.2   105027
read      304.5   305.9    80.4   130.9   145.0   243.8   302.1   334.0   358.6   390.0   436.4   567.2  1639.9  3427.3  7782.5  96791.0    96867
read      334.8   307.3    80.4   132.2   147.0   256.3   324.8   372.5   416.5   483.2   585.4   774.0  1553.2  3339.0  7664.5  89580.0    89493
read      325.0   184.3    80.4   131.5   148.1   291.2   375.6   421.8   454.2   491.3   537.6   607.9   785.1  1917.8  3529.4  50614.6    50538
read      311.2   177.0    86.8   147.5   167.0   289.5   341.2   369.7   389.8   413.0   444.6   504.0   942.8  2131.6  3947.5  22113.8    22083
read      348.3   253.0    80.4   133.9   151.7   308.6   398.6   443.6   474.3   509.3   553.4   625.5  1031.5  3387.5  7557.0  48553.2    48618
read      434.3   602.9    80.4   137.2   154.1   275.4   346.9   399.5   446.5   517.8   674.9  1450.1  3324.8  6817.9  8756.1  94308.8    94298
read      335.1   267.2    80.4   130.3   145.2   269.0   338.0   384.7   427.4   494.6   594.3   761.9  1370.0  2760.5  7050.2  63154.8    63579
read      380.0   345.8    80.4   133.2   149.3   281.6   365.2   431.7   499.0   590.3   715.5   959.7  1686.2  3605.5  7550.5  64585.8    64573
read      373.7   535.1    80.4   130.7   145.9   262.1   327.7   368.3   400.4   443.1   507.5   696.1  3170.3  5734.0  8053.7  77028.2    77178
read      317.3   188.3    86.8   141.8   160.6   294.0   353.5   386.3   409.4   437.0   473.0   537.4   858.3  2340.8  4893.7  29909.2    29824
read      383.5   341.2    80.4   132.8   149.1   284.3   372.7   445.9   515.9   606.0   729.3   952.3  1699.8  3226.0  7418.3  64480.2    64495
read      306.7   197.5    86.8   147.8   167.4   284.5   334.5   362.2   381.4   402.9   432.9   487.5   883.3  2427.6  7446.7  20962.8    20917
read      475.8   725.0    80.4   137.9   155.0   284.9   352.8   398.2   439.3   503.9   650.6  1877.5  3891.4  7485.8  8125.4  85569.0    85651
read      352.3   278.9    80.4   133.1   149.5   284.9   366.8   421.7   466.5   527.6   616.4   779.4  1346.7  2951.3  7709.9  61837.8    61935
read      336.8   211.5    80.4   135.0   152.4   298.2   378.8   427.1   461.9   502.4   554.1   636.3   925.5  2361.8  6243.8  50356.2    50216
read      440.5   643.2    80.4   132.2   148.3   269.8   337.8   383.1   421.7   477.9   617.7  1719.1  3187.3  7317.9  8128.2  71865.8    72251
read      293.0   221.7    74.4   127.7   141.2   250.8   316.9   357.4   387.7   424.3   471.5   548.6   887.3  2889.5  6597.3  71784.4    71798
read      298.2   148.7    86.8   148.8   167.7   279.9   327.7   355.3   374.1   397.5   429.0   484.5   743.2  1712.7  3637.1  19710.0    19701
read      306.6   161.4    86.8   143.1   162.4   289.0   344.8   374.5   394.9   419.0   450.0   499.4   733.9  1897.4  3757.2  24822.6    24952
read      432.5   612.1    80.4   133.3   149.4   271.0   346.5   403.1   452.9   522.6   656.8  1436.9  3317.5  6650.3  8107.7  81735.4    81838
read      306.4   167.7    86.8   142.3   160.6   286.4   343.2   374.4   396.8   423.6   458.1   514.9   740.7  1695.8  4629.8  26678.4    26648
read      315.8   183.7    86.8   145.5   165.3   293.7   349.5   379.2   399.3   424.8   458.5   517.2   928.2  2210.5  3532.3  24809.2    24837
read      330.8   215.7    86.8   145.2   164.7   305.8   369.7   402.0   425.4   452.4   486.8   543.4   979.9  2682.6  7227.5  29531.0    29420
read      512.6   656.9    86.8   163.6   190.2   348.5   429.5   487.2   540.0   617.4   740.0  1579.7  3652.3  7140.1  8404.9 103597.4   103882
read      412.2   601.5    80.4   131.1   146.4   262.6   327.0   366.9   399.1   444.7   533.4  1541.5  2991.0  6928.6  9176.4  70194.0    70314
read      348.1   292.9    80.4   131.9   148.2   282.4   361.3   414.7   460.6   519.9   600.4   745.8  1324.7  3348.3  7916.0  61768.4    61679
read      609.3   702.9    80.4   147.2   171.5   363.2   501.5   640.7   807.5  1059.0  1440.7  1999.2  3234.1  7649.1  8137.5  49508.0    49557
read      279.6    99.3    80.4   149.0   168.3   274.7   313.2   334.5   350.1   368.8   392.3   427.2   508.7   808.6  3027.7  19416.4    19325
read      254.0   116.2    86.8   156.6   172.8   243.4   273.0   290.1   302.6   317.5   341.4   381.6   468.9  1076.9  3992.5   9147.0     9128
read      950.8  1216.4    86.8   174.9   199.9   340.4   465.2  1395.2  1719.9  2489.9  2760.7  3528.4  5071.9  7966.3  9846.9  94819.0    94933
read      490.2   766.0    80.4   143.6   161.9   284.3   375.5   432.2   483.6   573.3   916.6  1677.8  3412.2  8051.8 10164.1  24318.2    24327
read      846.9  1064.9    80.4   161.5   185.0   322.2   490.7  1223.1  1537.1  1987.1  2495.3  2907.7  4416.1  7968.6  9641.6  71759.6    71896
read      878.5  1182.2    80.4   164.6   188.7   311.3   395.3  1107.9  1571.2  2391.0  2690.2  3311.1  5013.9  7991.9 10053.3  93761.4    93771
read      403.7   652.0    80.4   143.4   161.0   271.4   323.6   356.5   381.1   416.3   498.8  1182.1  2922.1  8001.7  9887.3  20520.6    20452
read      300.9   126.0    80.4   132.8   150.5   288.9   355.6   388.4   410.4   435.1   465.8   509.0   595.8   788.5  2162.2  42305.4    42338
read      716.1   891.0    80.4   153.0   175.6   315.6   498.3   805.8  1165.0  1494.6  1975.9  2616.7  3857.5  7827.7  9439.1  72646.2    72627
read      541.2   856.0    86.8   138.3   156.3   283.3   344.1   387.1   427.8   506.4  1321.8  2640.1  4202.5  7742.4  9381.9  80668.2    80603
read      326.4   272.2    80.4   131.1   147.9   286.7   364.9   406.3   436.0   469.9   513.2   582.1   885.8  3743.1  8073.5  48969.6    49049
read      403.1   596.5    80.4   131.3   146.7   261.3   326.3   370.2   407.3   463.3   564.6  1139.9  3402.2  6417.9  9377.9  92193.0    92305
read      284.7   247.2    80.4   128.3   141.9   253.5   312.1   345.4   370.6   399.7   436.9   497.4   691.9  3467.4  8039.1  56942.4    56889
read      298.8   326.0    80.4   126.9   140.1   241.5   304.7   340.5   368.6   403.6   456.1   551.4  1411.8  4522.3  9639.9  77980.4    78036
read      296.0   265.3    80.4   127.2   140.4   250.1   315.8   357.0   388.2   426.5   474.4   548.8   860.7  4203.0  7667.2  71320.4    71583
read      288.4   213.9    80.4   126.7   139.9   247.6   313.1   354.1   385.3   423.4   470.9   543.3   775.2  3170.6  5401.0  72835.2    72609
read      329.0   414.2    80.4   131.8   146.6   244.2   299.6   332.3   357.5   389.8   439.5   645.9  2467.3  4042.6  8063.6 107094.8   107382
read      255.7   128.4    80.4   124.5   137.6   226.8   284.9   315.9   339.3   367.0   402.7   466.8   646.3  1182.7  3017.9  86527.0    86530
read      285.2   115.8    86.8   155.6   175.1   273.0   313.2   337.2   354.7   373.8   399.3   438.6   585.7  1286.8  3159.6  16671.4    16550
read      430.5   694.4    80.4   131.3   146.8   264.9   328.4   368.7   401.6   449.9   539.4  1544.2  3720.6  7716.4  9655.5  84672.4    84534
read      288.7   218.4    80.4   126.5   139.6   246.8   312.4   353.1   384.3   421.1   468.3   541.1   831.6  2903.5  7241.8  72438.2    72631
read      329.8   200.9    74.4   133.2   150.7   297.1   382.8   426.3   456.3   490.1   531.5   592.0   818.7  2110.6  6327.0  49286.6    49291
read      340.6   192.9    74.4   134.3   152.9   305.5   399.6   447.4   480.2   517.3   562.6   632.0   829.6  1627.4  5350.1  62147.2    62175
read      308.7   422.1    80.4   126.0   139.6   237.2   294.0   322.2   343.4   368.3   400.6   464.5  2671.1  4898.6  7994.3  80123.0    80213
read      258.5    84.0    93.8   158.9   176.0   251.1   279.2   295.1   308.3   323.2   346.0   380.9   457.9   765.9  2875.5  16460.4    16566
read      256.9   100.1    80.4   129.4   143.4   247.7   298.5   321.8   339.3   359.3   383.9   420.2   492.7   635.5  2036.4  54049.2    53985
read      249.0   101.1    80.4   129.1   142.5   229.8   282.2   310.3   330.3   354.0   382.7   424.6   509.3   648.7  1807.2 102036.4   101949
read      266.3   100.3    86.8   151.7   170.4   262.0   293.8   311.6   324.3   341.8   364.7   397.4   463.4   585.2  2633.2  24057.2    24076
read      258.2   100.4    74.4   130.3   144.9   249.7   298.7   322.2   340.0   360.0   384.3   420.8   492.8   616.4  2327.1  52552.6    52574
read      246.2    98.4    80.4   128.0   141.0   226.0   277.9   306.7   326.9   350.8   379.8   423.2   508.8   685.6  1642.1 106104.4   106271
read      244.4   107.7    74.4   126.9   139.8   224.0   275.8   304.2   323.6   346.5   374.6   417.3   506.7   718.5  2659.0 105300.2   105451
read      243.9    97.8    74.4   124.1   137.1   224.6   280.2   308.7   328.3   350.9   377.9   418.5   497.6   622.2  1281.3  86144.2    86087
read      263.3    82.5    80.4   145.1   162.4   260.7   294.4   312.5   325.5   342.6   365.6   399.8   470.8   598.9  1729.2  29054.2    29108
read      247.2   105.0    74.4   127.4   140.3   226.5   278.8   307.5   327.9   351.7   381.2   424.8   519.1   791.7  2657.5 101069.8   101115
read      252.2   111.8    80.4   126.2   139.5   233.1   289.9   317.8   338.0   361.3   389.8   430.3   509.6   745.9  3446.2  74411.0    74326
read      247.0   101.1    74.4   124.4   137.7   229.0   285.5   313.5   332.9   355.2   382.2   421.4   496.7   610.7  1191.4  75812.0    75832
read      244.7   100.6    80.4   125.5   138.7   224.5   278.3   307.1   327.0   350.2   378.9   421.5   505.2   660.9  1891.9  94821.0    94901
read      253.9    80.4    80.4   157.6   175.2   246.1   273.3   289.2   300.5   315.9   338.3   373.8   456.2   660.0  3242.7  15837.0    15809
read      265.9    84.7    80.4   146.8   164.4   263.3   297.5   316.2   330.5   347.1   369.4   401.3   466.1   587.3  1442.6  28884.2    28874
read      257.7   101.0    80.4   130.4   144.8   250.5   299.0   321.6   338.3   357.3   380.2   415.4   488.5   625.3  2310.5  51855.8    51882
read      264.2    89.5    80.4   142.7   159.7   261.7   297.3   316.0   330.3   346.7   370.1   403.0   471.1   603.0  2157.1  32615.4    32653
read      264.2   100.2    80.4   136.5   152.1   259.5   302.3   323.2   339.5   358.4   381.7   417.7   489.7   616.6  2708.1  41634.4    41676
read      255.0   102.8    80.4   127.3   140.8   240.3   295.8   321.4   340.5   362.2   389.1   429.6   508.7   709.1  1587.6  62896.4    63019
read      242.5    95.0    74.4   125.6   138.5   222.3   275.3   304.3   324.1   347.4   375.7   417.9   499.0   628.5  1103.7  99036.8    99164
read      262.4   112.2    80.4   133.3   148.6   256.3   302.2   324.0   340.6   360.1   383.7   419.1   491.2   639.9  3063.5  47046.6    47055
read      253.1    99.3    74.4   126.9   140.3   239.9   294.2   319.1   337.6   358.6   384.3   422.6   499.0   638.5  1808.6  62430.4    62394
read      244.4   101.5    74.4   126.3   139.3   224.1   277.6   306.3   326.1   349.4   377.6   419.2   503.0   671.1  1466.3  98444.6    98519
read      267.3   113.3    80.4   143.8   161.2   263.0   299.9   318.7   334.0   351.4   373.4   407.9   479.3   639.9  4068.6  32059.6    32122
read      262.7    99.7    80.4   132.6   147.9   255.5   303.4   327.1   344.5   365.2   390.2   426.4   498.0   592.4  2174.8  49532.0    49464
read      268.0    88.8    80.4   153.6   172.8   263.5   295.4   313.5   326.9   344.2   367.0   399.6   467.7   612.1  1615.8  24035.0    24034
read      251.6   106.5    80.4   126.8   140.1   232.6   289.3   317.5   338.0   361.3   389.2   429.2   506.1   660.8  2075.9  77285.6    77363
read      247.5    98.9    80.4   127.1   139.9   227.6   282.4   311.4   331.7   355.3   384.2   426.0   504.5   625.1  1266.4  91802.6    91698
read      267.6   103.8    80.4   138.8   154.7   263.4   304.8   325.9   341.8   360.9   384.7   420.7   495.1   687.7  3176.8  39089.2    38997
read      244.5   105.1    74.4   124.1   137.1   224.3   279.8   308.6   328.4   351.8   380.3   421.7   499.0   615.5  2516.5  85628.0    86028
read      246.6   103.8    80.4   124.8   137.8   226.7   283.4   311.9   331.9   355.0   383.4   424.8   504.8   637.0  1962.2  82943.2    83012
read      256.0    84.4    93.8   160.5   177.2   248.4   276.2   291.9   303.8   318.1   340.4   373.6   451.7   689.4  2026.1  14990.8    15024
read      257.1   106.1    74.4   128.6   142.5   246.0   297.9   322.3   340.8   362.1   387.9   424.9   498.0   654.5  3063.2  56580.4    56640
read      246.8   105.0    74.4   126.9   139.9   226.5   280.3   309.2   329.4   353.0   381.8   424.3   507.3   664.0  2073.6  97549.0    97362
read      242.8   103.5    80.4   126.9   139.8   222.7   273.4   301.6   320.7   344.2   373.1   415.5   501.7   658.0  2824.0 107137.2   107412
read      252.4   109.4    80.4   126.4   139.9   237.1   292.4   318.4   337.4   359.1   385.4   423.2   497.4   642.3  3057.4  65143.2    65030
read      248.3   110.2    80.4   125.4   138.5   229.0   285.7   314.0   333.7   356.4   383.8   423.2   501.0   644.2  3117.7  79388.4    79278
read      260.8    93.6    80.4   132.5   147.6   254.9   301.6   323.9   341.0   360.9   385.1   419.9   485.9   581.4  1147.6  47856.6    47544
read      248.4   102.6    80.4   129.1   142.4   229.4   280.9   308.7   328.1   350.7   379.1   422.2   509.5   680.6  2684.2 105229.4   105368
read      249.4    91.6    74.4   126.2   139.6   240.6   291.5   314.4   330.6   348.7   371.6   404.5   474.1   578.8   971.8  58238.2    58181
read      254.3   108.5    74.4   127.6   141.0   243.7   295.3   318.5   335.5   354.9   378.8   416.4   497.6   729.4  3399.9  57129.6    56960
read      253.9    79.1    86.8   160.1   176.6   246.7   273.2   288.9   299.9   315.2   336.3   370.2   443.9   682.5  2904.7  14794.8    14849
read      252.7    99.3    74.4   126.7   140.1   238.5   293.8   319.0   337.7   359.0   385.0   423.2   501.0   659.8  1353.4  63749.6    63672
read      260.5    97.7    80.4   132.1   146.9   254.4   301.4   323.4   340.1   359.4   383.2   418.8   491.8   653.5  2259.8  48448.6    48289
read      248.9    90.1    93.8   161.6   176.7   239.9   266.3   281.1   292.4   306.8   325.7   361.2   437.1   692.9  2583.5  11827.4    11797
read      240.9    84.1    93.8   160.5   174.8   233.0   256.6   270.2   280.1   292.5   310.1   341.2   413.2  1025.4  3932.5  10768.0    10781
read      258.9   105.2    74.4   131.1   145.6   252.9   300.0   321.0   337.3   355.8   378.5   414.1   495.0   689.3  3122.9  49342.6    49362
read      248.8   109.0    74.4   128.5   141.8   228.3   281.4   310.4   330.7   354.5   384.0   427.8   515.7   667.4  1566.7 101866.8   102119
read      261.5    97.5    80.4   133.0   147.9   255.7   301.4   323.5   340.5   360.6   385.1   421.6   496.9   628.1  1486.0  46200.4    46213
read      242.1   103.8    80.4   124.6   137.5   221.1   275.0   304.6   324.2   347.2   375.0   416.6   497.0   627.5  2510.7  97269.0    97025
read      259.4    84.7    86.8   156.3   174.4   253.4   282.7   298.3   311.5   326.8   348.7   383.7   456.6   592.7  2755.2  18309.4    18351
read      263.2    74.5    86.8   154.5   172.8   259.1   289.7   306.7   318.5   336.0   358.7   392.3   460.2   567.9  1262.3  21576.8    21426
read      262.8   103.7    80.4   134.6   150.2   257.5   300.7   321.5   338.3   357.6   381.5   418.3   492.6   663.9  2798.1  42781.6    43013
read      251.5   105.3    80.4   125.5   138.8   235.2   291.6   317.7   337.2   359.5   386.9   427.2   505.3   628.9  1958.9  67365.6    67376
read      265.8    88.3    80.4   139.7   156.2   262.6   302.5   322.4   338.6   357.3   380.5   416.4   489.0   595.5  1188.3  36011.4    36043
read      240.1   144.2   101.3   162.4   174.5   227.0   249.6   263.9   273.9   288.6   308.2   342.8   433.0  1244.9  7869.5   6261.6     6255
read      248.5   102.5    80.4   128.4   141.5   227.9   281.0   309.7   329.9   353.7   383.5   427.6   521.9   725.4  1533.0 102211.2   102499
read      265.8    85.8    86.8   149.0   166.4   261.9   294.9   313.3   326.9   344.2   368.2   402.1   477.6   636.8  2104.4  26340.8    26263
read      256.1   121.8    74.4   128.1   141.6   244.9   296.8   319.9   337.6   358.1   383.5   422.0   502.9   691.4  2961.0  56874.2    56974
read      264.1   105.4    80.4   136.1   151.8   260.6   302.6   322.4   338.6   357.3   380.4   415.9   492.4   636.9  2165.1  40852.0    40869
read      262.4   152.3    80.4   132.4   147.5   255.5   301.4   323.3   339.9   359.3   383.2   419.3   492.4   666.3  8049.1  46597.4    46514
read      248.1    98.1    86.8   162.1   176.5   238.0   263.8   277.9   289.4   303.0   321.1   361.4   443.9  1142.3  3267.2  11458.2    11431
read      256.5   105.5    80.4   128.1   141.9   244.7   298.0   322.7   341.1   362.1   387.5   425.0   502.5   640.2  1901.4  58357.6    58600
read      251.3   106.7    80.4   126.1   139.3   234.9   291.2   317.6   336.9   358.9   385.4   423.6   500.0   640.7  2633.1  68063.0    68058
read      257.4   101.1    80.4   129.3   143.2   247.3   298.7   322.5   340.4   361.0   386.3   424.3   498.9   614.8  2302.7  54489.0    54502
read      252.0    97.6    80.4   126.4   139.9   238.4   293.9   319.0   337.4   358.3   383.7   421.6   496.4   601.6   849.5  63945.0    64022
read      261.3   102.8    80.4   130.6   145.1   252.7   302.4   326.4   344.1   364.7   389.9   428.0   505.5   661.1  2450.0  52187.0    52142
read      246.8   100.5    80.4   127.1   139.9   225.9   279.0   308.3   328.7   352.7   382.4   427.2   525.8   706.7  1341.2 101265.6   101375
read      273.5   115.2    80.4   136.8   152.4   264.6   309.5   332.9   349.6   370.4   398.7   446.7   573.5  1154.6  2934.5  40726.6    40606
read      265.7   111.7    80.4   133.0   148.1   257.7   305.9   328.9   345.4   366.1   391.6   430.1   511.4   849.1  3404.6  47330.2    47485
read      267.6   111.1    74.4   132.4   147.6   257.8   306.1   329.8   346.8   368.5   396.0   438.8   563.6   992.4  2448.2  48852.2    48977
read      275.4   121.2    80.4   138.3   154.4   265.5   308.2   330.2   346.5   368.8   398.5   449.7   609.7  1356.0  2318.0  38533.0    38615
read      269.8   153.1    80.4   128.1   141.7   240.5   300.5   331.3   353.5   380.0   416.2   482.7   738.7  1690.2  4164.1  80321.8    80279
read      273.7   158.5    80.4   129.0   142.7   244.0   303.7   334.7   357.1   383.7   420.0   486.3   767.5  2083.6  3620.8  75783.4    75843
read      262.4   120.5    80.4   128.2   141.8   243.8   301.0   328.1   347.6   370.6   399.8   447.3   587.4  1076.0  2587.6  66938.6    67095
read      274.4   123.8    80.4   137.1   152.7   264.3   307.6   329.6   345.4   366.6   394.7   445.7   630.5  1488.3  2742.9  41221.6    41325
read      271.1   141.0    80.4   130.4   144.7   253.8   306.7   333.0   352.1   374.8   405.6   461.2   648.9  1562.5  3660.4  55849.8    55752
read      261.7   129.4    74.4   128.4   141.9   235.1   293.6   323.2   344.6   370.1   402.6   459.8   651.5  1423.6  2506.3  85780.8    85561
read      267.4    96.2    86.8   162.4   179.4   253.0   283.0   300.6   315.6   335.6   364.9   416.2   567.3  1229.7  2033.6  14213.4    14194
read      253.7   118.8    80.4   126.4   139.6   229.7   286.7   315.9   337.0   361.6   392.6   441.6   581.6  1112.4  2694.2  87733.8    88002
read      249.6   116.7    80.4   126.2   139.2   227.5   283.4   312.7   333.3   357.5   387.5   432.1   536.6   860.1  2357.4  90371.8    90515
read      247.1   108.1    74.4   128.4   141.6   226.8   277.9   306.1   325.6   349.1   378.4   423.0   521.4   737.8  2787.6 109102.8   109283
read      265.3    90.1    80.4   147.3   164.7   260.5   294.1   312.2   325.2   342.7   367.3   404.1   495.1   747.3  2316.9  26673.6    26699
read      266.3   120.6    74.4   138.5   154.4   260.9   300.9   320.3   336.2   354.7   378.8   417.9   506.6   801.6  3456.9  37310.0    37400
read      262.6   123.8    86.8   154.9   173.4   254.0   284.1   300.4   313.3   329.7   354.0   394.3   486.8   853.6  7005.2  19220.6    19307
read      250.2    87.2   101.3   163.3   178.6   241.1   266.3   280.7   291.8   306.4   326.5   364.3   448.9   893.5  3018.4  11571.8    11527
read      251.8   107.4    80.4   127.9   141.2   231.5   287.1   315.8   336.4   360.1   389.2   431.4   521.3   724.5  2518.8  83863.4    83787
read      270.1    79.6    86.8   158.4   177.3   265.6   295.5   312.7   325.2   342.7   366.3   400.4   474.8   654.1  1490.5  22240.2    22209
read      253.0   106.3    74.4   126.9   140.1   233.9   291.6   319.1   339.7   363.0   391.4   432.2   515.8   690.1  1912.2  75220.4    75169
read      251.7   105.5    74.4   125.8   139.1   232.6   290.2   317.4   337.5   360.9   389.6   430.7   516.7   686.6  2572.7  73865.8    73833
read      248.5   110.1    80.4   126.7   139.8   227.0   281.9   311.0   331.2   354.8   384.3   428.4   527.2   801.1  2502.3  94673.2    94641
read      256.2   106.5    80.4   127.8   141.4   242.7   296.8   321.4   339.8   361.0   387.1   426.5   509.7   836.5  2597.8  61328.4    61338
read      248.0   109.0    74.4   126.3   139.4   227.1   282.2   310.8   330.6   353.5   382.1   425.7   523.0   798.6  2472.5  91821.6    91825
read      249.3   106.3    80.4   125.2   138.4   230.3   287.2   315.2   334.9   357.4   385.0   425.9   508.0   685.1  2391.9  76978.8    77235
read      264.9    95.2    80.4   139.1   155.0   262.2   302.2   321.0   336.3   353.6   375.4   410.8   487.8   641.8  1956.8  37303.0    37257
read      265.7    90.0    86.8   143.2   160.6   262.3   298.7   317.3   332.0   349.0   371.9   407.3   483.3   632.0  2118.7  31960.6    32057
read      252.5   108.8    80.4   130.6   144.5   232.6   284.7   313.0   333.1   356.5   385.8   430.0   531.0   736.3  2529.3 108999.0   108618
read      249.5   102.7    80.4   125.1   138.4   232.3   288.8   315.1   333.6   354.8   380.9   421.7   513.3   731.5  2358.3  72989.0    72930
read      259.2    93.2    80.4   134.1   149.3   256.4   298.1   317.8   332.7   349.2   371.0   404.1   483.5   621.9  2077.8  43497.4    43714
read      243.7   102.4    74.4   124.4   137.4   224.0   279.5   307.9   326.8   348.1   374.3   413.5   497.7   682.0  2423.7  87434.2    87369
read      255.1   119.9    80.4   128.4   142.0   244.4   295.7   318.7   335.1   353.5   375.9   413.0   497.1   866.0  4172.7  56618.0    56640
read      247.0   104.0    80.4   126.7   139.6   225.8   279.2   308.4   328.4   351.7   380.4   424.8   531.7   831.0  2143.1  97461.8    97360
read      249.3   116.0    80.4   125.1   138.2   229.6   286.3   314.1   333.5   355.8   383.4   427.2   531.1   783.8  1988.3  79637.4    79788
read      245.9    91.4   101.3   160.3   174.9   235.0   260.8   274.7   286.7   300.0   319.6   359.9   456.2  1183.4  3132.0  11348.6    11352
read      242.9   101.4    80.4   123.6   136.5   222.7   278.0   306.9   326.0   348.3   375.8   417.4   503.4   645.4  1694.6  87991.0    87962
read      261.9    91.2    80.4   135.9   151.5   258.5   299.5   319.5   335.4   353.5   376.2   411.6   488.2   631.8  1582.4  40606.4    40663
read      256.1   126.1    74.4   127.4   141.1   243.0   296.5   320.6   338.5   359.0   384.5   423.8   508.8   787.6  3943.3  59402.2    59386
read      263.1   113.1    74.4   131.7   146.6   254.9   301.3   322.9   339.3   358.8   384.1   426.4   541.3  1135.7  3358.1  48156.2    48302
read      263.9    95.3    80.4   155.1   173.6   256.8   287.0   303.6   316.1   332.9   356.0   394.5   489.0   900.6  3398.5  19427.2    19398
read      250.0   111.1    80.4   125.4   138.6   228.6   286.1   314.9   335.1   358.3   387.0   430.3   530.8   885.1  2352.1  82053.4    82197
read      249.3   105.0    74.4   124.8   138.0   230.2   287.8   315.4   334.8   357.1   384.6   426.2   516.8   714.6  2070.3  77430.8    77387
read      248.7    97.3    74.4   125.0   138.3   231.5   288.5   315.6   334.5   356.2   382.8   422.2   500.2   627.3  1156.5  72726.2    72753
read      231.9    97.8    93.8   158.7   171.0   222.0   242.3   254.6   265.2   276.4   293.8   325.7   416.4  1248.3  3179.0   7777.2     7720
read      257.4    90.9    74.4   132.3   147.1   254.0   297.6   317.7   332.7   349.4   371.3   404.2   484.7   626.6  1438.8  46311.4    46279
read      260.7    98.6    80.4   134.2   149.6   257.3   298.6   318.3   333.3   350.1   372.7   409.5   497.5   737.6  2373.9  42146.0    42102
read      244.8   101.4    80.4   125.2   138.3   224.9   279.9   308.7   328.0   350.3   377.8   418.8   504.1   678.5  1950.7  90837.0    90892
read      259.4    91.7    80.4   135.6   151.1   257.1   296.8   315.9   330.0   346.1   369.0   403.0   479.0   627.7  2005.5  40076.8    39976
read      251.3   104.1    80.4   126.2   139.7   238.2   291.9   316.2   333.5   353.2   377.7   415.3   495.5   722.2  2815.6  60795.6    61084
read      251.7    77.8    93.8   155.7   173.5   245.9   272.5   287.9   298.2   312.8   332.4   367.0   442.9   624.5  1995.9  16710.2    16735
read      260.0   103.8    80.4   133.0   147.8   254.8   299.8   320.4   336.1   354.0   376.4   414.1   496.0   681.9  1831.7  45883.0    45909
read      263.7   104.9    80.4   144.4   161.5   260.3   293.8   311.4   323.6   340.3   362.6   398.4   486.1   786.7  3383.0  29000.2    28976
read      246.3   103.3    74.4   125.3   138.4   226.6   282.6   311.2   330.6   352.9   380.3   421.1   505.3   675.0  2079.2  84793.8    84704
read      249.8    99.5    80.4   129.3   142.6   230.3   283.2   311.5   331.4   354.6   383.2   426.5   520.5   693.2  1698.7 102093.8   101822
read      246.7   109.8    80.4   126.1   139.1   226.6   281.3   309.5   329.0   351.4   379.1   421.2   508.7   740.4  2529.1  92630.8    92571
read      248.9    84.6    93.8   161.0   176.5   239.7   265.6   279.7   291.1   305.3   324.6   363.3   455.7   744.6  3068.2  12218.6    12106
read      257.8   104.6    74.4   128.9   142.7   245.6   298.7   322.5   339.9   360.2   385.9   426.7   524.1   747.2  2402.4  58320.0    58568
read      262.8   119.0    74.4   131.4   146.0   253.2   302.5   325.6   342.4   362.7   388.5   429.6   532.7   978.4  2721.8  51439.6    51319
read      259.6    84.0    86.8   151.8   169.2   254.7   283.9   299.2   311.7   326.4   348.0   388.6   475.2   741.2  2827.8  21441.2    21556
read      250.5    80.7    93.8   158.4   175.3   242.5   268.7   283.7   294.5   309.6   329.7   366.9   451.9   719.2  2753.7  14169.2    14191
read      263.2    94.1    80.4   144.7   161.7   259.4   292.9   310.6   322.7   340.2   363.7   400.8   485.5   821.1  2720.0  28955.6    29072

Total QPS = 57344.1 (91750560 / 1600.0s)

Total connections = 64
Misses = 0 (0.0%)
Skipped TXs = 0 (0.0%)

RX 22662389061 bytes :   13.5 MB/s
TX          0 bytes :    0.0 MB/s
Warning! Detected max cpu usage > 95%
CPU Usage Stats (avg/min/max): 100.00%,49.50%,100.00%
