#type       avg     std     min      p5     p10     p50     p67     p75     p80     p85     p90     p95     p99    p999   p9999     QPS   target
read      332.4   161.7   118.1   225.8   243.9   312.7   341.8   360.1   372.8   392.1   419.9   472.6   705.2  2004.6  7331.1   4940.2     5000
read      404.5   338.5   109.4   215.0   248.5   351.4   395.0   424.0   447.0   473.6   519.0   627.5  1694.0  4589.9  8034.6   9976.6    10000
read      424.6   440.9   101.3   196.9   232.4   379.1   436.4   468.2   493.0   522.6   563.5   640.1  1386.0  8069.0 12330.9  15005.2    15000
read      455.6   552.2   101.3   189.2   222.3   391.3   460.1   497.2   525.4   559.1   607.5   709.4  1762.9  8808.3 15439.6  19918.2    20000
read      540.0   732.8   101.3   190.2   228.8   422.5   508.1   555.9   591.5   637.9   722.3  1128.4  2910.2 10116.9 17056.7  24952.5    25000
read      641.8   743.1    93.8   201.4   249.1   470.7   580.1   650.0   719.5   856.8  1194.7  1630.6  3274.8  8487.5 16270.7  29989.8    30000
read      777.4   825.8    93.8   219.6   278.6   543.5   705.1   878.1  1075.7  1344.1  1528.1  1751.2  4357.7  8098.3 14642.1  34820.9    35000
read     1933.3  1041.4   127.6  1420.9  1501.9  1697.1  1781.2  1841.1  1878.4  1979.5  2198.2  3282.4  7841.8  9337.0 12516.7  36516.0    40000
read     2022.9  1147.0   218.6  1418.1  1489.0  1705.4  1824.8  1914.6  2022.0  2221.7  2806.5  3554.8  7904.1  9943.9 15109.5  35187.0    45000
read     2077.5  1074.1   236.1  1499.7  1549.7  1794.5  1913.1  2013.3  2119.0  2294.0  2672.4  3469.6  7878.7  9382.1 12690.1  34245.8    50000
read     1908.2  1041.0   187.4  1400.4  1447.5  1653.7  1739.2  1821.3  1878.1  1994.9  2299.0  3216.0  7837.3  9557.5 12887.4  37127.0    55000
read     1891.8  1045.9   236.1  1391.4  1431.8  1633.0  1723.9  1794.6  1858.0  1976.7  2314.4  3190.6  7845.0  9533.1 13702.2  37433.6    60000
read     1946.1  1091.1   218.6  1407.3  1462.8  1665.4  1745.5  1835.1  1900.7  2054.1  2534.0  3308.3  7867.6 10054.8 15179.7  36385.0    65000
read     1934.5  1093.3   202.4  1414.7  1468.7  1663.5  1745.3  1832.1  1888.4  2009.8  2351.4  3246.6  7881.7  9987.5 15488.3  36760.4    70000
read     1946.9  1044.2   118.1  1424.4  1496.4  1693.3  1786.0  1854.1  1911.9  2015.0  2310.1  3300.2  7855.5  9487.1 11584.1  36466.8    75000
read     1979.7  1077.3   173.5  1419.2  1487.4  1693.7  1805.7  1882.6  1983.0  2144.0  2597.6  3362.4  7872.4  9425.1 12704.6  35919.7    80000
Warning! Detected max cpu usage > 95%
CPU Usage Stats (avg/min/max): 66.10%,1.00%,100.00%