#type       avg     std     min      p5     p10     p50     p67     p75     p80     p85     p90     p95     p99    p999   p9999     QPS   target
read      326.9   178.7   109.4   222.1   240.7   305.9   332.5   346.7   361.0   376.1   402.1   454.5   838.0  2026.3  7636.8   4999.6     5000
read      397.6   438.2   118.1   215.4   248.7   349.3   390.5   416.3   437.0   461.2   494.8   559.0  1326.5  7749.6 11977.7   9922.4    10000
read      382.9   207.9   101.3   193.6   226.8   361.9   412.8   445.6   466.3   493.2   527.8   581.7   797.7  2613.1  7806.1  15047.6    15000
read      443.0   454.4    93.8   190.2   223.4   386.2   455.1   492.0   519.3   551.0   594.6   682.5  1695.6  7560.0 10258.2  19962.2    20000
read      484.8   546.6   101.3   187.7   223.3   406.5   488.1   532.5   564.7   604.2   661.1   811.8  1999.8  7948.2 14630.2  25013.8    25000
read      716.1   866.9   101.3   202.7   251.4   480.4   598.4   682.1   782.9  1064.9  1516.0  1952.4  4194.8  9575.7 15142.4  29945.4    30000
read     1051.3   998.0   101.3   256.2   321.7   723.8  1294.5  1475.8  1568.2  1674.1  1845.9  2335.7  6004.0  9105.6 15560.0  34750.2    35000
read     1799.4  1031.5   101.3  1243.8  1387.7  1599.6  1689.3  1734.6  1791.7  1869.0  2049.5  3078.3  7816.2  9716.8 14260.6  38416.4    40000
read     1980.8  1088.2   187.4  1418.1  1487.9  1700.8  1814.2  1888.2  1982.7  2121.9  2492.1  3382.9  7876.0  9573.8 14913.1  35906.0    45000
read     1938.7  1029.7   148.8  1465.7  1517.8  1702.5  1785.5  1845.0  1882.2  1977.1  2147.6  3243.4  7853.7  9257.2 11838.3  36726.0    50000
read     1982.2  1065.1   218.6  1477.7  1524.6  1721.6  1822.0  1877.5  1949.8  2034.2  2271.0  3346.2  7879.0  9755.8 12853.0  35942.6    55000
read     1817.2   996.7   218.6  1363.5  1409.1  1583.8  1662.1  1710.0  1740.0  1827.9  2030.2  3100.2  7796.3  8944.6 12027.2  38860.4    60000
read     1851.1  1023.2   202.4  1389.1  1427.7  1615.6  1701.2  1741.7  1805.2  1877.1  2067.6  3117.8  7836.2  9690.7 12838.0  38277.2    65000
read     1917.7  1064.4   218.6  1418.8  1480.6  1668.7  1738.3  1806.6  1856.4  1945.9  2181.4  3271.4  7849.4 10137.5 15000.6  37008.8    70000
read     1897.2  1083.3   202.4  1410.5  1467.4  1650.1  1720.0  1764.8  1822.3  1879.8  2090.0  3206.2  7869.7 10218.6 15023.3  37459.6    75000
read     2029.4  1105.1   218.6  1518.0  1569.6  1766.8  1848.4  1888.5  1954.9  2021.2  2231.4  3458.8  7905.9  9890.6 15595.2  35126.4    80000
Warning! Detected max cpu usage > 95%
CPU Usage Stats (avg/min/max): 66.67%,0.50%,100.00%