#type       avg     std     min      p5     p10     p50     p67     p75     p80     p85     p90     p95     p99    p999   p9999     QPS   target
read      358.1   230.0   127.6   227.3   247.2   322.9   356.8   378.9   398.0   425.3   467.3   562.3  1017.4  2795.2  7842.1   4956.4     5000
read      414.1   341.5   101.3   216.7   252.9   361.6   409.9   444.2   467.0   499.4   546.6   655.3  1576.5  5294.4  8063.1  10036.0    10000
read      450.8   503.2   101.3   198.3   235.5   388.0   449.0   482.1   507.0   540.2   586.1   690.7  2090.6  8030.9 12813.8  14984.8    15000
read      661.4  1097.1   101.3   195.0   233.8   427.1   506.5   555.1   596.6   666.7   874.0  1936.2  6611.9 13230.7 19148.9  19969.2    20000
read      506.5   602.7   101.3   190.1   226.4   417.3   497.3   542.4   576.6   619.8   687.2   937.5  2309.9  7993.4 15565.1  25060.8    25000
read      828.4   954.0    93.8   206.5   259.4   524.6   696.8   920.2  1175.6  1438.0  1704.4  2181.0  5349.4  8641.1 12910.3  30058.0    30000
read     2099.8  1156.5   101.3  1439.5  1548.3  1824.7  1960.0  2056.2  2165.2  2340.0  2737.7  3621.5  7914.3  9899.2 13495.5  33267.8    35000
read     1885.4  1067.5   118.1  1364.0  1431.1  1645.5  1725.4  1791.4  1854.7  1961.7  2248.3  3205.8  7841.6  9559.2 15474.9  37157.8    40000
read     1989.8  1075.6   187.4  1499.1  1541.9  1740.1  1831.5  1875.7  1937.4  2019.0  2200.3  3361.6  7886.6  9808.0 15073.7  35813.0    45000
read     1978.0  1097.4   160.7  1478.1  1525.7  1714.4  1803.9  1858.9  1907.6  2009.4  2266.3  3347.8  7890.8 10186.8 14989.8  36134.4    50000
read     1921.2  1057.7   137.8  1412.7  1468.8  1670.4  1757.0  1835.6  1884.7  1991.0  2196.8  3217.4  7857.8  9589.8 14027.6  37014.4    55000
read     1956.1  1080.9   321.2  1443.7  1506.8  1695.2  1785.0  1852.7  1909.0  2017.3  2279.3  3278.5  7883.5  9983.3 15757.8  36454.6    60000
read     1970.6  1099.5   202.4  1400.8  1451.3  1684.8  1807.7  1895.6  1992.3  2141.6  2526.8  3338.6  7873.2  9971.5 15366.6  35991.0    65000
read     1994.0  1083.7   137.8  1478.5  1526.8  1729.7  1828.7  1879.4  1950.5  2031.8  2273.0  3380.4  7891.8  9816.2 14382.2  35789.7    70000
read     1954.9  1040.1   173.5  1449.6  1511.2  1705.8  1799.0  1859.0  1912.7  2008.2  2212.9  3320.8  7853.6  9497.1 13210.3  36300.0    75000
read     1964.1  1090.4   218.6  1433.6  1502.0  1691.6  1783.6  1855.6  1920.9  2027.9  2373.9  3298.2  7891.1  9793.2 14073.2  36220.8    80000
Warning! Detected max cpu usage > 95%
CPU Usage Stats (avg/min/max): 66.33%,1.00%,100.00%