#type       avg     std     min      p5     p10     p50     p67     p75     p80     p85     p90     p95     p99    p999   p9999     QPS   target
read      440.8   359.3   118.1   255.0   283.8   389.6   437.7   466.5   490.3   520.4   568.2   673.9  1552.3  6979.3  9620.6   4996.0     5000
read      597.6   596.7   109.4   250.6   307.9   470.3   547.0   601.2   647.0   720.9   869.8  1395.1  3084.3  7840.1  9623.6   9944.0    10000
read     1629.3  2267.0   109.4   232.8   303.5   523.1   780.8  2242.8  3087.1  3778.9  4612.7  6575.9  9919.0 16026.5 20771.2  14976.4    15000
read     2411.4  2183.7   109.4   279.6   359.3  2280.4  2920.9  3302.6  3651.3  4122.8  4879.3  6662.4  9408.3 16070.7 24645.7  19628.0    20000
read     3807.5  2044.4   127.6  1990.9  2202.0  3135.0  3725.7  4242.5  4760.7  5516.4  6840.7  7974.5 10584.1 16172.7 20263.2  18919.2    25000
read     3222.9  1474.8   148.8  1910.7  2094.9  2853.4  3218.4  3469.5  3692.7  4001.5  4549.4  6358.1  8118.2 15160.7 20474.5  22224.6    30000
read     2927.7  1229.2   173.5  1903.5  2057.0  2641.3  2897.9  3062.6  3192.4  3396.7  3749.1  5185.5  8007.0  9992.3 13689.8  24523.6    35000
read     3282.6  1337.6   148.8  2019.3  2202.2  2953.3  3318.6  3551.1  3746.7  4032.4  4534.2  6235.8  8057.3 11063.2 17835.4  21875.8    40000
read     2860.1  1323.5   127.6  1722.2  1890.9  2549.9  2843.4  3013.7  3168.3  3394.1  3804.6  5568.4  8042.0 10790.4 16499.1  25075.4    45000
read     2827.7  1228.8   202.4  1769.1  1926.6  2543.5  2805.3  2970.1  3115.0  3308.0  3704.0  5081.4  7994.1  9796.8 12623.3  25336.8    50000
read     2925.2  1391.5   218.6  1760.1  1914.7  2556.2  2879.4  3095.5  3278.4  3571.0  4102.7  5902.0  8078.3 12218.9 17374.0  24607.8    55000
read     3037.2  1262.1   255.0  1962.3  2114.5  2739.7  3019.8  3198.8  3348.5  3538.0  3943.3  5392.8  8014.9 10246.1 17233.5  23638.6    60000
read     3215.8  1376.1   160.7  1987.2  2153.6  2859.2  3194.5  3430.4  3638.5  3932.7  4460.4  6353.8  8099.7 12212.4 16133.6  22387.6    65000
read     2982.6  1263.1   218.6  1916.2  2065.8  2677.4  2941.8  3114.0  3238.8  3458.3  3950.5  5517.2  8017.3 10182.7 14922.7  24080.8    70000
read     2784.5  1191.8   187.4  1794.7  1947.2  2530.5  2758.5  2911.3  3021.1  3181.4  3455.9  4798.5  7996.8 10106.2 14128.5  25749.5    75000
read     3019.3  1311.2   236.1  1900.7  2057.3  2698.2  2974.8  3164.4  3326.8  3567.7  4038.9  5701.8  8060.0 11139.9 16199.4  23763.6    80000
Warning! Detected max cpu usage > 95%
CPU Usage Stats (avg/min/max): 66.73%,1.00%,100.00%