#type       avg     std     min      p5     p10     p50     p67     p75     p80     p85     p90     p95     p99    p999   p9999     QPS   target
read      374.9   159.9   118.1   240.9   267.9   354.6   391.2   414.2   433.4   457.2   488.7   548.6   796.7  1781.0  7694.4   4951.0     5000
read      395.5   161.3   109.4   213.8   263.1   381.9   426.8   453.5   470.9   496.7   530.3   584.8   743.1  1459.8  7157.0  10075.8    10000
read      443.0   286.3   101.3   206.1   251.4   409.6   467.0   499.6   524.9   555.4   598.0   688.2  1392.0  3781.2  8009.2  15051.0    15000
read      433.3   202.2   109.4   200.6   238.0   413.3   476.5   512.9   539.4   572.2   616.6   694.6  1014.0  2017.0  7631.0  20114.8    20000
read     2485.3  1431.4   109.4   378.4   509.1  2482.2  2745.8  2912.0  3040.1  3215.7  3544.9  4682.6  7950.4  9827.7 13212.2  24558.4    25000
read     2864.2  1237.2   137.8  1819.5  2002.2  2597.5  2838.0  2984.4  3129.5  3325.4  3729.7  5039.7  8003.5  9979.4 13162.3  24752.2    30000
read     2846.3  1219.3   127.6  1835.5  1979.7  2557.6  2806.4  2962.2  3104.9  3301.5  3709.6  5019.7  7990.2  9741.7 13029.1  25149.2    35000
read     3112.9  1384.2   148.8  1922.6  2089.3  2760.8  3077.2  3292.7  3479.6  3757.0  4234.5  6288.4  8108.6 12112.8 16168.4  23093.2    40000
read     3070.8  1273.9   236.1  1954.7  2107.2  2762.6  3064.7  3240.5  3409.7  3641.7  4056.4  5676.4  8034.3 10150.8 14936.3  23384.4    45000
read     3430.4  1576.3   160.7  2013.3  2186.4  2982.5  3409.8  3719.4  3994.4  4418.9  5158.9  7420.8  8659.8 15316.0 18533.8  21050.8    50000
read     3600.4  1630.7   275.4  2099.7  2287.9  3147.6  3609.0  3939.9  4222.2  4636.3  5393.7  7570.1  9468.1 15515.1 20038.2  20027.6    55000
read     3509.8  1660.4   255.0  1919.1  2119.0  3051.5  3567.2  3941.7  4247.8  4706.1  5456.0  7519.5  9144.4 15507.4 17345.1  20529.2    60000
read     3164.0  1436.4   173.5  1909.8  2073.2  2798.2  3147.6  3388.6  3598.7  3892.3  4400.1  6431.6  8112.9 14859.0 17229.2  22737.8    65000
read     3111.7  1382.8   187.4  1926.7  2079.3  2718.2  3042.2  3275.3  3492.9  3839.7  4441.5  6324.7  8079.5 11501.1 16073.7  23129.2    70000
read     3123.0  1306.8   160.7  1984.0  2145.9  2793.3  3084.5  3265.2  3440.0  3710.8  4249.7  5962.8  8053.8 10247.1 15668.7  22961.0    75000
read     3038.0  1305.3   218.6  1900.9  2061.6  2720.2  3018.0  3206.0  3381.9  3629.6  4080.2  5683.0  8033.5 10517.5 20557.0  23626.4    80000
Warning! Detected max cpu usage > 95%
CPU Usage Stats (avg/min/max): 66.40%,0.50%,100.00%