#type       avg     std     min      p5     p10     p50     p67     p75     p80     p85     p90     p95     p99    p999   p9999     QPS   target
read      413.9   195.7   127.6   256.9   286.3   388.8   433.3   461.1   482.4   508.8   547.3   624.7   911.1  1971.4  7914.5   4981.0     5000
read      398.9   150.9   109.4   212.9   262.2   383.9   432.2   459.3   478.6   504.0   538.4   593.1   782.2  1879.2  4742.9  10105.8    10000
read      460.1   333.6   109.4   204.6   253.4   418.8   476.7   511.1   539.3   574.1   623.7   732.6  1623.4  4510.4  8082.3  14979.0    15000
read      493.9   404.3   109.4   203.5   246.3   433.3   501.5   542.1   574.6   616.6   681.8   868.2  2085.6  6175.0  8120.0  19995.8    20000
read     2748.4  1309.5   127.6   838.5  1833.8  2553.0  2813.5  2976.0  3119.7  3301.7  3648.0  4933.5  7994.4  9842.6 12489.7  24705.2    25000
read     2808.5  1227.7   109.4  1767.6  1965.0  2591.5  2824.2  2966.4  3091.6  3232.4  3529.1  4864.9  7989.0  9954.9 13851.4  25026.4    30000
read     2792.2  1230.0   255.0  1823.4  1965.1  2531.1  2742.3  2889.5  2993.0  3161.9  3434.9  4788.1  8007.1 12507.4 15579.1  25734.6    35000
read     2772.1  1185.1   202.4  1816.5  1959.1  2513.9  2741.8  2887.4  2985.8  3152.3  3428.5  4712.9  7992.7  9995.6 12851.6  25880.6    40000
read     2770.5  1195.4   236.1  1801.0  1949.2  2516.8  2739.3  2883.7  2983.4  3143.1  3398.3  4831.6  7999.6 10039.7 14182.0  25912.6    45000
read     2901.5  1230.1   275.4  1910.4  2059.0  2639.4  2872.7  3004.8  3129.9  3280.1  3595.8  5047.4  8019.2 12147.1 15346.0  24735.4    50000
read     2648.7  1160.1   472.0  1724.2  1862.9  2407.2  2617.7  2742.1  2851.2  2978.9  3218.5  4515.7  7972.0  9813.0 13304.3  26977.0    55000
read     2750.1  1167.2   255.0  1827.0  1964.6  2509.2  2716.3  2844.3  2944.6  3087.5  3317.1  4694.5  7981.9  9986.2 14389.2  26055.8    60000
read     2887.5  1225.7   173.5  1817.0  1969.1  2603.3  2894.3  3074.4  3211.8  3432.2  3782.7  5007.4  7994.7 10031.3 14350.9  24798.0    65000
read     2766.8  1228.7   202.4  1830.3  1963.2  2472.9  2684.1  2815.1  2933.8  3110.2  3478.1  5011.1  8003.7  9967.6 15871.7  25967.6    70000
read     2917.1  1246.1   255.0  1899.4  2040.5  2615.0  2868.5  3029.0  3174.8  3393.1  3828.1  5177.2  8023.5 10015.5 14960.6  24618.8    75000
read     2804.7  1202.7   148.8  1872.2  2006.0  2538.4  2749.8  2888.7  2981.7  3150.1  3438.8  4842.3  8001.8 10190.3 14779.2  25635.4    80000
Warning! Detected max cpu usage > 95%
CPU Usage Stats (avg/min/max): 66.97%,1.52%,100.00%