Random waveform, supplied seed
Total number of intervals = 320 (6927, 52892, 98921, 61129, 40613, 53226, 38560, 103465, 104758, 94759, 37799, 8296, 69443, 12517, 43591, 20430, 93758, 10485, 16518, 83230, 5484, 55611, 20774, 96726, 32442, 73039, 74055, 51197, 59442, 35654, 78747, 42212, 52488, 36950, 16762, 79473, 61431, 87172, 108181, 80515, 37149, 13444, 72057, 70041, 90162, 52082, 24258, 72013, 58012, 45398, 50177, 34504, 66010, 73937, 55020, 53235, 97743, 5419, 14764, 7451, 48208, 16149, 78989, 18886, 75954, 44409, 16431, 85707, 58253, 103867, 21604, 90401, 84467, 99700, 32052, 18173, 67789, 51929, 83850, 18614, 29315, 108090, 27024, 49907, 9150, 34328, 51881, 14569, 81517, 78694, 93409, 39093, 18729, 70818, 21942, 91810, 39588, 40957, 62645, 15539, 107672, 32954, 58866, 23739, 54701, 60706, 72350, 58661, 34912, 103268, 38703, 83358, 57408, 86837, 33517, 66204, 73758, 99742, 109462, 94453, 44096, 100467, 8576, 59359, 7614, 60329, 43762, 67038, 26095, 71173, 109276, 13150, 61250, 84472, 82226, 27671, 98736, 106314, 105027, 96867, 89493, 50538, 22083, 48618, 94298, 63579, 64573, 77178, 29824, 64495, 20917, 85651, 61935, 50216, 72251, 71798, 19701, 24952, 81838, 26648, 24837, 29420, 103882, 70314, 61679, 49557, 19325, 9128, 94933, 24327, 71896, 93771, 20452, 42338, 72627, 80603, 49049, 92305, 56889, 78036, 71583, 72609, 107382, 86530, 16550, 84534, 72631, 49291, 62175, 80213, 16566, 53985, 101949, 24076, 52574, 106271, 105451, 86087, 29108, 101115, 74326, 75832, 94901, 15809, 28874, 51882, 32653, 41676, 63019, 99164, 47055, 62394, 98519, 32122, 49464, 24034, 77363, 91698, 38997, 86028, 83012, 15024, 56640, 97362, 107412, 65030, 79278, 47544, 105368, 58181, 56960, 14849, 63672, 48289, 11797, 10781, 49362, 102119, 46213, 97025, 18351, 21426, 43013, 67376, 36043, 6255, 102499, 26263, 56974, 40869, 46514, 11431, 58600, 68058, 54502, 64022, 52142, 101375, 40606, 47485, 48977, 38615, 80279, 75843, 67095, 41325, 55752, 85561, 14194, 88002, 90515, 109283, 26699, 37400, 19307, 11527, 83787, 22209, 75169, 73833, 94641, 61338, 91825, 77235, 37257, 32057, 108618, 72930, 43714, 87369, 56640, 97360, 79788, 11352, 87962, 40663, 59386, 48302, 19398, 82197, 77387, 72753, 7720, 46279, 42102, 90892, 39976, 61084, 16735, 45909, 28976, 84704, 101822, 92571, 12106, 58568, 51319, 21556, 14191, 29072)
Average QPS expected = 57359
Timestamp start: 1777735488005
Timestamp end: 1777737088381

#type       avg     std     min      p5     p10     p50     p67     p75     p80     p85     p90     p95     p99    p999   p9999      QPS   target
read      219.6   127.7    86.8   139.1   149.8   206.2   233.0   248.1   259.1   272.3   291.7   320.3   423.0  1290.4  6068.7   6919.8     6927
read      339.8   302.3    80.4   127.9   144.1   290.4   374.7   423.2   458.2   498.7   549.2   633.3  1017.9  4895.9  7869.6  52660.6    52892
read      336.6   516.2    74.4   130.9   145.8   249.4   308.3   342.3   369.1   402.5   453.9   569.1  3287.1  6891.5  8898.5  98916.4    98921
read      303.8   229.4    80.4   124.6   138.6   260.1   327.1   369.8   401.6   441.4   495.1   589.7  1049.4  2738.5  6999.3  61236.0    61129
read      317.1   206.5    74.4   124.8   141.2   289.0   363.8   404.1   432.3   463.6   502.4   560.5   753.5  2746.1  5044.8  40662.2    40613
read      357.5   315.8    74.4   125.2   142.3   305.6   406.1   456.1   490.1   528.4   575.3   650.5  1184.7  4807.9  7705.7  53202.8    53226
read      327.2   272.2    80.4   123.4   139.7   293.2   371.7   411.2   437.1   466.4   502.4   557.4   964.6  3864.2  7783.1  38614.6    38560
read      416.4   632.7    74.4   135.7   153.2   273.2   335.6   374.1   405.6   451.0   529.8  1414.3  3460.1  7371.9 10115.8 103464.0   103465
read      248.2   113.9    74.4   127.4   140.7   226.1   276.5   305.5   325.8   350.2   381.9   428.6   532.5  1244.3  2520.3 104849.2   104758
read      251.5   120.0    80.4   127.5   140.5   228.3   282.1   311.7   333.1   358.8   391.5   439.5   549.4   898.2  3442.0  94641.0    94759
read      344.3   320.1    80.4   131.6   149.5   296.3   371.9   415.1   446.9   486.5   540.1   630.5  1149.4  4912.1  8117.1  37797.8    37799
read      228.9   126.9    93.8   139.9   150.8   214.7   244.0   260.3   272.1   287.4   307.3   341.5   462.9  1732.0  3762.3   8332.2     8296
read      456.5   724.1    80.4   131.0   146.4   269.4   337.5   382.6   421.2   477.7   602.8  1767.6  3922.8  7591.5  9181.7  69303.2    69443
read      290.4   393.1    86.8   143.0   157.8   238.2   272.9   292.4   307.5   325.8   354.1   412.9  1754.5  6579.5  8095.8  12604.8    12517
read      315.0   286.2    80.4   123.6   139.4   281.5   356.2   397.6   425.6   457.3   496.6   556.1   798.9  3392.9 12161.8  43643.4    43591
read      278.1   131.5    80.4   132.7   149.4   267.2   314.4   341.0   360.5   382.3   408.5   448.0   546.2  1515.4  3949.2  20494.6    20430
read      486.8   758.1    74.4   139.3   157.4   288.6   357.8   404.9   452.2   529.9   673.1  1896.5  4071.5  7572.6  9074.0  93789.6    93758
read      244.2   103.5    86.8   145.0   158.4   233.2   265.3   283.0   295.4   311.4   332.6   368.7   469.2  1164.8  3464.4  10407.8    10485
read      269.4   128.4    86.8   138.2   154.1   258.8   299.1   321.3   339.2   359.7   384.8   422.5   525.3  1738.1  3131.1  16440.0    16518
read      421.1   681.1    74.4   130.5   145.9   262.3   329.7   372.0   405.3   452.8   535.8  1393.8  3845.6  7565.8 10165.4  83232.4    83230
read      212.7   101.3    93.8   139.3   148.2   198.0   224.5   239.0   250.5   264.9   284.4   318.0   417.1  1429.1  3298.0   5491.0     5484
read      329.7   273.0    80.4   124.2   139.6   278.4   361.4   411.0   446.2   487.1   539.5   628.2  1169.2  3590.8  7589.7  55390.0    55611
read      288.1   148.4    86.8   134.8   151.9   275.0   325.4   354.1   373.7   396.0   423.3   462.8   577.6  2040.2  3667.9  20924.2    20774
read      467.2   717.2    80.4   137.7   155.7   286.0   355.7   398.4   433.7   488.3   611.2  1802.4  3876.0  7577.8  8138.7  96756.8    96726
read      300.2   170.8    80.4   125.3   142.2   280.4   343.4   378.4   402.3   429.7   463.0   512.6   653.2  2181.6  4037.0  32292.4    32442
read      384.7   593.1    80.4   126.3   140.3   255.5   320.6   364.2   398.4   442.3   506.8   791.3  3290.0  7173.5  8134.0  72817.6    73039
read      273.7   165.9    74.4   121.2   133.8   237.9   303.4   342.2   373.6   412.0   459.5   529.7   691.9  1950.1  3997.7  73960.6    74055
read      305.5   162.5    80.4   119.4   134.0   278.8   359.6   403.8   434.0   466.6   506.4   566.5   696.1  1399.6  4087.8  51106.2    51197
read      312.2   191.6    74.4   121.9   136.5   272.5   354.2   404.3   439.3   479.4   529.9   607.5   836.9  2269.2  3734.7  59344.2    59442
read      292.3   157.0    80.4   125.2   141.4   280.3   340.0   372.7   394.5   418.9   448.4   492.0   589.0  1582.3  5665.3  35727.0    35654
read      541.8   873.5    80.4   138.0   155.9   283.2   346.6   390.6   428.8   497.1  1169.8  2696.0  4336.8  7784.3  9544.0  78812.0    78747
read      287.6   139.7    74.4   125.2   140.4   273.1   335.5   371.2   395.4   422.4   454.9   499.9   587.4   746.0  3726.8  42330.8    42212
read      308.1   140.8    74.4   126.5   142.7   288.9   366.4   407.4   434.7   464.7   500.0   547.9   640.3   857.3  1602.7  52473.2    52488
read      293.4   132.8    80.4   127.6   143.5   282.6   344.8   378.8   401.0   426.7   456.8   498.7   579.2   707.9  3905.1  37044.6    36950
read      262.3    84.7    80.4   139.9   156.6   258.2   295.5   315.4   330.5   348.2   370.9   403.6   467.4   571.9  1601.5  16769.0    16762
read      436.5   699.7    80.4   130.6   146.0   261.8   321.3   362.2   396.5   445.7   542.4  1683.5  3865.8  7383.1  8118.4  79632.4    79473
read      404.5   536.6    74.4   130.4   146.6   278.4   348.7   395.7   432.7   481.2   559.6  1232.8  2944.1  5579.6  8100.1  61564.0    61431
read      372.5   514.0    74.4   131.8   147.2   256.1   318.5   360.4   395.6   445.1   534.1   814.4  2934.6  5471.8  8022.3  87394.8    87172
read      321.6   334.6    80.4   139.6   155.5   259.0   315.6   349.0   374.6   407.9   458.6   572.3  1711.1  3745.1  8008.7 108093.6   108181
read      299.7   187.2    80.4   130.9   144.9   250.7   317.3   361.0   397.1   446.7   519.9   638.5   924.0  1613.7  3961.0  80601.2    80515
read      315.1   164.2    80.4   130.0   146.6   292.6   366.3   405.9   432.8   463.2   500.8   554.6   682.6  1744.6  2835.8  37331.2    37149
read      264.4    94.2    86.8   144.7   159.9   256.1   294.1   314.5   330.1   348.9   372.9   410.4   502.7  1011.4  1845.9  13435.4    13444
read      431.2   695.6    80.4   130.6   146.0   264.6   333.3   379.1   414.3   457.7   523.9  1547.2  3901.2  7553.4  8106.6  72186.0    72057
read      267.1   140.4    74.4   124.9   138.0   236.5   297.6   334.8   365.0   399.6   440.6   498.8   616.9  1385.3  2963.5  70067.2    70041
read      269.5   160.8    74.4   127.4   140.6   232.1   289.8   326.1   358.0   396.8   447.3   518.4   680.6  1955.0  3488.4  90412.2    90162
read      311.7   171.6    74.4   126.1   140.9   277.2   355.8   403.0   436.4   475.2   526.5   600.6   776.3  1486.7  3346.2  52123.6    52082
read      298.4   132.2    80.4   135.9   153.3   286.1   344.9   376.3   397.4   421.6   450.8   493.4   584.9  1421.4  3309.9  24394.4    24258
read      484.9   769.8    80.4   133.3   149.7   275.2   349.0   398.5   436.8   490.5   609.9  2334.9  4027.2  7642.7  8218.8  72288.0    72013
read      339.4   249.2    80.4   128.2   143.1   276.2   359.7   414.7   456.8   509.0   587.7   742.0  1299.9  2494.3  4017.8  58064.2    58012
read      321.2   190.9    80.4   127.9   144.1   292.1   371.1   415.5   446.4   481.6   523.8   583.8   727.0  2391.1  4779.0  45370.2    45398
read      339.4   190.3    80.4   127.9   144.5   306.7   403.6   451.5   483.8   519.5   562.8   627.7   790.1  1925.7  4343.2  50328.6    50177
read      313.2   175.1    80.4   127.5   144.1   294.8   366.3   403.2   428.3   456.2   489.7   538.4   668.7  1593.7  5623.5  34481.2    34504
read      536.3   836.7    80.4   133.6   150.6   279.1   348.5   396.6   438.6   514.9  1358.3  2596.4  4038.5  7739.1  9556.6  66010.2    66010
read      290.4   200.5    74.4   127.1   140.1   246.5   314.9   360.3   395.7   439.5   496.2   581.8   788.9  2020.6  7887.4  74022.2    73937
read      324.5   217.6    80.4   128.5   143.3   279.6   358.8   407.9   444.6   488.4   544.3   638.7   990.8  2452.4  5054.2  55153.6    55020
read      322.8   179.0    74.4   129.3   144.6   285.2   366.1   415.5   451.0   492.7   546.9   636.2   860.9  1443.7  2643.7  53376.8    53235
read      396.7   559.3    74.4   134.2   150.5   266.1   326.4   364.4   395.5   438.1   518.4  1375.8  3247.1  5557.2  8085.5  97750.6    97743
read      212.8   130.5    93.8   140.8   150.3   198.8   223.4   237.5   248.7   262.2   279.9   308.5   413.9  1276.8  7137.6   5428.4     5419
read      262.1   123.5    86.8   137.6   152.6   251.8   290.7   311.6   326.8   345.4   370.5   407.0   524.0  1456.4  3835.9  14688.8    14764
read      236.8   240.4    86.8   139.7   150.2   211.5   239.9   256.4   268.7   283.5   303.7   342.1   744.5  3427.6  7950.9   7493.0     7451
read      341.2   299.0    74.4   123.8   140.3   297.8   388.0   432.7   462.2   496.0   537.2   602.4  1064.0  4644.4  7735.5  48172.8    48208
read      260.0   116.1    80.4   134.6   150.2   252.2   291.4   312.4   327.8   346.3   371.3   406.5   491.1  1079.7  4070.5  16007.4    16149
read      425.4   678.9    74.4   129.4   144.7   259.9   323.2   362.4   393.7   435.6   517.7  1595.3  3659.4  7536.5  9101.2  78970.0    78989
read      269.9   132.8    80.4   134.8   151.5   258.1   300.0   322.1   341.5   364.2   392.6   433.3   539.8  1459.4  4059.3  18899.2    18886
read      469.6   734.3    80.4   133.5   149.9   278.8   349.2   394.0   429.9   484.4   619.1  1885.1  3912.1  7653.1  9131.8  76000.6    75954
read      303.0   179.2    74.4   120.8   135.8   275.4   348.9   389.9   417.5   448.9   487.9   544.4   744.9  2118.8  3533.7  44462.8    44409
read      263.2   115.9    86.8   134.1   149.9   254.6   295.0   316.8   333.7   353.8   379.8   419.4   509.4  1220.2  2561.2  16531.4    16431
read      473.4   738.0    80.4   134.6   151.4   275.4   341.6   386.2   425.9   491.3   659.5  2086.3  3846.9  7587.3  9281.4  85871.8    85707
read      315.4   220.7    80.4   123.7   138.1   273.2   349.1   397.9   433.4   474.6   528.3   618.1   934.0  2463.2  7339.6  58456.8    58253
read      295.9   339.6    80.4   130.5   144.8   237.6   293.2   323.1   345.5   372.9   409.2   477.0  1907.1  3674.6  7870.0 103896.6   103867
read      264.0   103.7    80.4   130.5   146.6   255.5   298.2   320.9   339.6   361.4   388.2   426.6   506.8  1055.8  2441.9  21642.4    21604
read      415.0   633.2    80.4   130.3   145.9   264.1   330.7   371.1   405.6   462.2   576.8  1304.3  3531.0  7129.7  8127.3  90355.4    90401
read      280.3   180.1    74.4   122.5   135.2   236.4   302.7   343.2   378.0   424.1   482.2   570.4   801.9  2074.8  3952.7  84195.4    84467
read      264.9   198.6    74.4   124.8   137.9   221.8   277.0   308.7   331.4   359.9   398.8   482.9  1075.3  2357.3  5133.3  99687.8    99700
read      288.7   172.4    80.4   123.6   139.6   270.1   325.9   360.5   384.5   411.3   444.2   495.4   649.1  1838.9  7070.3  32017.0    32052
read      265.0   114.3    80.4   131.6   147.9   256.0   297.8   320.1   338.7   360.1   386.3   425.5   516.6  1197.3  3394.4  18193.0    18173
read      437.6   544.3    74.4   130.0   145.9   274.4   356.2   424.4   501.0   637.6   867.0  1417.4  2738.8  6223.9  8070.9  67572.4    67789
read      331.7   267.5    74.4   121.7   138.2   293.2   383.1   428.1   458.0   491.8   532.9   593.0   886.3  4151.9  7573.4  51780.8    51929
read      408.2   595.3    80.4   128.8   143.7   264.6   335.1   383.1   423.4   477.6   568.2  1324.1  3253.5  6566.3  8096.4  83622.2    83850
read      269.9   127.8    80.4   137.7   154.1   260.2   301.5   323.8   341.3   361.8   387.4   426.5   521.9  1330.6  3992.9  18699.0    18614
read      304.7   192.9    80.4   128.1   145.4   285.6   346.9   380.7   402.4   427.5   458.5   505.3   712.4  2612.9  5438.0  29392.4    29315
read      415.8   606.9    80.4   137.2   154.0   270.5   333.1   372.3   405.4   455.5   547.8  1445.8  3419.5  6853.7  8095.5 108065.4   108090
read      277.8   130.8    80.4   127.3   143.4   265.2   313.6   342.8   364.9   389.7   419.8   463.1   571.5  1398.6  3468.3  27043.8    27024
read      343.2   378.2    80.4   121.3   137.6   292.3   379.9   424.6   454.6   487.9   529.3   592.7  1342.9  6282.2 11187.0  49944.4    49907
read      231.4   118.5    93.8   138.4   150.0   219.4   250.5   268.1   280.7   295.6   316.0   349.6   442.0  1456.8  4932.1   9036.8     9150
read      304.3   160.8    74.4   122.4   138.9   284.8   353.5   390.0   413.9   440.3   471.5   523.4   747.8  1684.8  3166.7  34186.6    34328
read      340.5   291.7    74.4   123.4   139.8   295.5   388.8   435.1   466.0   500.5   541.6   606.4  1081.1  3839.9  9089.6  52081.8    51881
read      264.4   169.3    86.8   137.0   152.7   251.0   290.0   310.8   325.7   344.5   369.7   408.1   507.5  2572.2  5510.5  14562.4    14569
read      415.1   680.4    80.4   128.3   143.1   258.2   323.3   362.0   393.0   434.9   515.7  1398.2  3814.0  7393.2  8892.1  81310.2    81517
read      273.1   170.9    80.4   121.6   134.2   235.5   302.0   341.0   373.0   411.9   460.1   530.5   695.9  1889.1  4703.3  79039.0    78694
read      299.9   230.7    80.4   127.3   140.3   237.5   304.4   350.4   393.7   452.7   532.2   660.2  1083.3  2491.1  6851.1  93473.4    93409
read      297.4   162.2    80.4   122.1   137.3   277.2   343.1   381.3   407.0   436.3   470.6   524.8   661.4  1731.6  3754.7  39099.4    39093
read      274.3   143.6    80.4   133.5   150.6   263.5   307.5   331.3   348.6   369.4   395.4   433.4   538.2  2007.8  3418.9  18777.0    18729
read      424.9   644.1    74.4   127.3   141.9   255.8   318.1   359.2   394.1   445.1   552.0  1732.9  3164.0  7163.3  9602.4  70828.4    70818
read      279.3   133.3    74.4   130.9   147.2   268.7   316.3   343.8   363.6   386.0   413.2   454.5   546.1  1561.9  3467.7  21960.0    21942
read      471.8   748.7    80.4   134.4   151.5   274.7   340.5   383.8   422.3   481.7   617.3  1950.4  4002.6  7613.9  8442.7  91759.4    91810
read      309.9   243.9    80.4   121.1   136.5   280.8   352.1   391.5   418.1   447.5   482.8   536.7   735.4  3873.6  7617.3  39820.2    39588
read      310.5   189.6    80.4   120.0   135.6   287.6   364.4   403.2   429.2   457.9   493.4   543.9   701.9  2187.0  4492.2  40921.8    40957
read      334.7   237.5    74.4   123.8   139.1   281.4   370.1   426.2   466.5   513.2   576.0   682.5  1113.1  2509.3  5829.6  62423.0    62645
read      253.1   110.8    86.8   133.5   149.7   243.5   280.4   299.8   314.4   332.9   358.3   398.5   510.1  1225.0  3000.7  15600.6    15539
read      399.3   584.9    80.4   136.9   154.0   277.7   340.2   378.3   410.7   458.9   541.5   734.6  3379.8  6990.0  8124.2 107625.0   107672
read      291.2   155.9    80.4   125.5   141.9   273.5   328.9   363.2   387.9   415.9   450.7   502.3   657.6  1551.4  4942.6  32981.6    32954
read      343.1   262.5    74.4   126.2   141.0   278.1   363.3   422.4   466.8   520.3   595.9   751.6  1338.0  2383.7  7460.0  58918.6    58866
read      292.7   126.1    80.4   133.6   150.9   277.1   331.5   364.2   387.4   413.6   446.5   499.3   634.4  1233.8  2246.8  23723.0    23739
read      343.2   223.1    80.4   129.5   145.1   293.2   382.0   436.5   476.9   525.1   588.1   698.3  1085.8  2086.8  3635.8  54648.4    54701
read      386.3   363.3    80.4   129.4   145.0   277.9   358.9   429.1   498.8   598.9   747.6  1055.3  1852.4  3142.1  7742.8  60645.4    60706
read      306.5   295.8    74.4   127.8   141.0   249.7   314.1   354.1   387.4   431.1   494.4   600.5  1251.0  3951.5  7624.6  72331.8    72350
read      312.0   240.5    80.4   125.8   139.4   266.1   335.2   382.2   418.1   461.8   520.3   622.1  1014.7  3061.7  6760.6  58617.4    58661
read      314.5   179.1    74.4   127.2   143.4   291.4   363.0   400.8   426.9   456.6   493.8   549.8   723.2  2169.8  4441.6  34980.0    34912
read      441.9   646.2    74.4   138.3   156.1   286.4   355.7   401.0   441.3   501.3   595.9  1475.1  3605.8  6883.7  8091.3 103120.0   103268
read      309.3   174.6    80.4   129.6   145.7   285.1   351.6   392.7   421.4   453.8   494.0   553.4   700.4  1797.0  3284.4  38767.6    38703
read      460.2   657.3    80.4   138.2   155.3   290.1   365.5   421.3   472.7   550.1   680.2  1531.8  3586.8  7121.2  8111.9  83196.8    83358
read      339.1   262.7    80.4   128.9   143.7   276.5   351.7   403.6   447.1   503.0   586.1   748.8  1314.6  2773.8  6280.0  57298.2    57408
read      293.4   264.1    74.4   130.5   144.3   242.7   300.6   332.0   355.5   385.1   427.9   539.7  1376.5  3439.9  7286.8  86814.0    86837
read      298.3   163.6    80.4   126.9   142.3   278.8   339.0   374.4   399.2   428.0   463.5   516.6   661.5  1969.4  3951.6  33591.6    33517
read      460.1   729.0    80.4   128.7   143.3   269.3   335.7   381.6   420.1   472.9   585.6  1948.9  3830.9  7540.0  8831.5  66239.8    66204
read      278.6   159.8    80.4   124.0   137.0   241.3   307.8   347.3   380.5   421.5   472.8   549.1   733.8  1518.1  3599.4  73772.0    73758
read      306.8   315.1    80.4   131.8   146.6   243.0   298.7   330.3   354.7   385.6   430.9   572.7  1751.1  3440.1  7588.3  99787.4    99742
read      264.6   130.1    80.4   135.3   150.3   243.7   295.0   322.8   343.1   367.8   398.8   449.0   582.0  1281.3  3131.1 109514.4   109462
read      248.6   116.5    74.4   126.8   139.9   226.9   281.0   309.6   328.9   351.1   380.1   424.6   532.6  1112.5  2936.8  94525.0    94453
read      305.8   173.8    80.4   126.0   141.3   279.9   349.1   391.8   421.8   456.5   499.3   562.4   696.2  1654.7  4934.7  44138.6    44096
read      416.0   594.3    80.4   139.5   156.8   274.0   337.8   379.6   414.5   463.3   547.1  1467.1  3363.9  6669.2  8707.5 100357.8   100467
read      232.4    83.8    86.8   144.4   156.0   221.8   252.7   270.0   282.8   297.2   317.4   351.9   431.0   750.5  2512.8   8558.0     8576
read      333.8   262.8    80.4   128.7   143.0   272.3   345.8   396.9   436.6   487.1   557.1   715.6  1471.0  2522.8  7015.5  59312.2    59359
read      230.5   142.8    86.8   143.3   154.6   217.2   246.0   262.6   274.0   289.0   308.1   340.4   431.5  1957.0  5862.6   7623.2     7614
read      398.8   387.3    80.4   130.7   146.9   281.2   365.5   436.0   508.4   615.8   780.2  1130.2  1950.2  3186.3  7928.8  60190.6    60329
read      321.1   178.6    74.4   127.8   144.0   292.5   371.9   416.4   447.1   481.9   525.2   589.1   754.9  1867.3  3428.0  43828.0    43762
read      477.1   746.2    80.4   131.8   147.5   275.2   345.7   394.3   434.7   495.3   638.6  2112.7  3907.0  7625.7  8923.6  67072.8    67038
read      298.6   154.2    80.4   132.7   149.8   282.0   339.6   372.4   394.9   420.6   452.2   499.7   642.0  1979.7  3280.2  26142.6    26095
read      502.7   821.9    74.4   129.6   145.6   271.1   341.8   390.4   429.3   481.8   617.2  2572.7  4083.7  7686.3  9142.1  70992.2    71173
read      290.9   291.0    74.4   129.8   144.1   237.4   292.1   322.7   345.9   375.3   417.4   502.4  1560.6  3454.1  7734.4 109268.0   109276
read      255.7   103.3    80.4   143.7   159.0   245.0   281.2   300.9   315.2   333.8   359.1   397.8   491.3  1174.9  2458.9  13125.2    13150
read      405.8   422.0    74.4   129.2   145.2   282.1   372.7   447.0   513.5   614.4   781.8  1145.2  2071.2  4527.2  7871.8  61013.2    61250
read      295.3   304.2    74.4   129.3   142.9   241.9   302.0   337.6   366.2   401.5   451.7   537.9  1186.9  4300.7  7775.8  84343.4    84472
read      276.1   160.8    74.4   129.4   142.7   238.7   298.5   337.3   369.5   409.9   461.4   533.5   689.1  1911.6  3722.0  82184.2    82226
read      293.2   154.2    80.4   132.2   148.5   277.5   333.2   365.9   388.8   414.5   446.7   495.5   608.8  1511.6  3510.4  27577.8    27671
read      434.1   652.4    80.4   139.0   156.4   279.7   346.2   389.2   424.4   474.9   573.9  1449.5  3663.7  7245.5  8126.3  98438.4    98736
read      253.5   125.6    80.4   130.1   143.7   229.0   280.5   309.9   330.7   355.8   388.4   435.9   565.4  1511.0  3626.3 106058.6   106314
read      241.0    99.2    74.4   126.5   139.3   218.5   269.0   298.2   318.3   342.2   372.7   418.9   511.8   841.7  1714.8 105231.0   105027
read      242.7   109.4    80.4   125.3   138.2   219.0   272.5   303.0   323.0   346.9   378.4   424.2   514.5   758.9  2562.3  96836.2    96867
read      251.1   107.2    80.4   128.7   141.8   228.4   283.8   313.7   334.6   359.3   390.5   435.2   535.6   814.8  2426.5  89594.2    89493
read      331.1   235.6    80.4   129.8   146.2   290.9   373.7   422.3   456.6   495.6   544.9   623.6   860.2  2917.1  7804.9  50354.0    50538
read      301.1   147.7    86.8   139.7   157.8   288.0   342.5   373.9   395.4   419.8   449.9   494.7   603.9  1475.4  2991.9  22055.8    22083
read      353.9   252.9    80.4   130.3   148.0   312.8   409.6   458.0   490.9   528.9   576.4   649.7   947.5  3481.6  7562.3  48359.6    48618
read      413.4   593.2    80.4   133.4   150.0   270.5   334.0   374.4   409.7   460.8   550.1  1492.2  3404.6  6242.1  8086.7  94511.8    94298
read      284.7   169.9    80.4   128.2   141.3   254.6   318.8   356.6   385.3   419.8   464.4   533.5   687.8  1950.0  4753.4  63530.6    63579
read      291.0   168.5    80.4   128.9   142.2   258.2   324.5   366.4   398.5   436.6   485.9   556.3   721.9  1786.9  3953.9  64587.6    64573
read      303.2   194.0    80.4   130.2   144.1   253.8   323.1   370.5   408.8   459.4   525.2   631.7   931.3  1817.0  3933.4  76995.8    77178
read      306.4   157.8    80.4   132.6   149.8   288.6   351.1   386.0   409.6   436.4   469.3   520.6   650.4  2066.0  3409.4  29662.2    29824
read      379.8   524.8    80.4   127.7   141.9   256.6   319.9   360.9   394.3   436.7   509.1  1209.5  2790.3  5904.9  8082.1  64461.6    64495
read      291.4   123.3    80.4   138.6   156.2   280.2   330.5   359.8   380.2   402.6   431.4   472.8   579.9  1268.0  2556.9  20938.4    20917
read      441.8   664.5    80.4   133.7   150.3   273.8   345.5   396.0   439.2   503.3   628.0  1484.4  3722.0  7371.9  8639.8  85547.4    85651
read      281.6   141.2    80.4   126.2   139.4   254.4   318.2   358.5   389.0   424.6   467.7   531.8   664.0  1047.6  2735.4  61737.6    61935
read      343.0   194.1    74.4   129.0   146.5   307.0   401.1   450.7   485.0   523.7   571.7   643.2   866.7  1784.0  3925.9  50295.6    50216
read      365.2   458.4    74.4   131.6   146.6   268.9   341.2   391.0   431.1   483.1   554.7   706.8  2776.1  5350.3  7964.1  72144.8    72251
read      300.8   187.1    80.4   129.0   142.6   257.7   326.2   372.3   409.4   455.9   517.1   611.4   845.2  1992.3  4001.7  71853.2    71798
read      279.6   117.0    80.4   137.5   153.9   267.8   313.4   340.4   360.9   384.1   412.5   456.9   563.7  1316.1  2253.8  19698.8    19701
read      300.4   145.2    74.4   134.1   152.0   285.4   341.9   374.5   396.9   422.9   454.9   502.8   642.0  1550.0  2711.7  24893.6    24952
read      485.4   762.2    74.4   134.2   151.1   276.5   350.5   401.2   443.4   505.8   667.3  2180.2  3944.5  7636.2  8814.7  81636.2    81838
read      295.7   152.6    80.4   131.4   148.7   278.5   334.8   368.1   391.1   416.7   448.4   498.0   627.8  1953.0  3648.0  26622.2    26648
read      287.0   176.5    80.4   130.6   147.8   273.9   323.2   352.5   373.4   396.7   425.9   469.7   585.2  1670.2  8820.0  24902.6    24837
read      309.0   181.8    74.4   128.7   145.3   287.4   352.6   388.0   411.2   436.5   469.0   521.4   795.3  2137.9  3813.0  29429.4    29420
read      388.4   564.7    80.4   135.3   151.7   268.0   332.1   370.4   400.7   442.1   515.2   745.3  3276.1  6355.6  8122.7 103905.8   103882
read      253.0   115.6    80.4   124.8   137.8   233.7   292.2   319.5   339.3   362.9   392.6   435.1   532.5   844.9  2525.6  70227.2    70314
read      268.3   138.8    80.4   122.9   136.1   242.7   303.8   336.8   363.0   393.9   432.6   491.7   633.6  1421.0  2841.7  61711.4    61679
read      311.5   177.7    80.4   124.5   140.2   281.3   359.9   404.1   434.9   469.5   512.8   578.0   739.2  1901.3  4146.0  49604.6    49557
read      279.9   135.9    86.8   135.2   152.0   269.5   315.8   341.3   360.0   381.1   405.9   444.8   548.0  1950.4  3477.1  19374.8    19325
read      234.5    81.9    93.8   142.8   154.8   225.6   256.9   274.1   286.9   301.1   319.9   354.1   434.8   870.6  1921.2   9065.0     9128
read      493.0   756.1    74.4   139.0   158.2   296.6   367.9   417.6   463.5   536.0   663.2  1941.3  3976.4  7686.3 10772.5  94799.2    94933
read      280.7   129.7    80.4   131.4   148.2   266.5   315.7   345.7   367.6   392.0   421.8   464.5   572.4  1482.2  2808.2  24327.0    24327
read      400.6   623.2    80.4   128.1   142.6   259.4   323.1   362.6   393.9   435.0   502.5  1308.2  3493.3  7002.5  8793.5  71837.4    71896
read      281.6   174.9    80.4   130.2   144.2   239.9   299.6   334.2   361.8   398.3   455.9   571.3   863.9  1794.8  3492.4  93976.0    93771
read      245.5    96.0    80.4   139.4   154.9   240.9   272.8   290.5   303.0   317.4   336.6   366.7   435.5   563.2  3689.7  20574.8    20452
read      253.7    95.8    74.4   127.9   142.1   250.3   293.8   314.8   329.8   346.5   370.1   402.7   470.1   594.4  2557.4  42265.4    42338
read      248.9   100.6    80.4   124.8   138.1   231.2   288.0   315.8   335.0   357.5   386.0   426.2   501.3   612.4  1523.8  72884.0    72627
read      243.9    97.7    80.4   123.2   136.3   224.5   281.0   310.1   329.4   351.3   379.1   419.4   494.3   592.9  1391.7  80804.4    80603
read      251.8    98.6    74.4   125.0   139.1   245.5   292.8   315.3   331.3   349.1   373.6   409.4   476.0   585.4  2629.4  48900.8    49049
read      244.5   100.2    74.4   126.1   139.3   224.1   278.1   307.9   327.6   350.5   379.7   420.8   496.1   601.6  1917.6  92438.4    92305
read      249.9   103.8    74.4   122.9   136.7   239.9   292.6   316.6   333.6   352.9   377.8   414.1   481.3   579.8  2339.3  56901.8    56889
read      248.6   112.9    80.4   125.2   138.2   229.0   286.1   315.0   334.5   357.1   385.4   425.8   500.8   634.0  3232.2  77996.8    78036
read      246.7    97.9    74.4   123.2   136.4   230.0   287.1   314.1   332.6   353.9   381.1   420.3   494.8   594.4  1431.7  71597.4    71583
read      246.7    99.9    74.4   123.5   136.5   229.3   287.1   314.7   333.2   354.2   381.4   421.1   496.6   594.3  1243.7  72512.6    72609
read      250.9   114.5    74.4   130.5   144.5   230.4   280.9   309.3   329.3   352.8   383.4   427.7   520.2   797.5  3859.6 107520.2   107382
read      245.4   105.3    74.4   125.4   138.3   224.5   280.3   310.3   330.4   353.5   382.5   423.5   500.2   612.9  2741.9  86284.0    86530
read      238.1    79.2    86.8   141.6   156.8   232.9   262.9   278.4   290.0   303.5   320.2   347.6   423.1   546.3  2518.0  16502.6    16550
read      248.9   116.6    74.4   126.2   139.3   227.0   283.0   312.6   332.5   355.7   385.2   427.0   508.6  1025.4  3229.7  84345.4    84534
read      248.9   105.3    74.4   124.5   137.8   231.1   289.2   317.0   336.0   357.8   384.9   423.5   495.7   612.2  1666.8  72458.0    72631
read      253.5   101.4    74.4   125.6   139.8   246.4   295.6   318.2   334.5   353.1   376.6   411.1   480.3   611.8  2365.6  49273.8    49291
read      249.5    99.4    74.4   123.2   136.8   237.0   291.2   316.1   333.9   354.5   380.6   419.1   493.6   598.0  2231.0  62098.4    62175
read      247.5   122.4    74.4   124.7   138.0   227.8   283.4   312.3   332.2   355.3   384.6   427.1   506.2   622.3  1419.1  80219.0    80213
read      240.3    86.3    80.4   140.5   155.5   233.9   265.7   282.9   294.8   309.4   327.0   357.6   427.6   578.7  2263.0  16563.0    16566
read      250.3    96.1    74.4   123.8   137.8   241.9   293.4   317.1   333.6   352.0   374.7   409.5   475.7   581.0  1935.5  54030.2    53985
read      243.1    96.5    74.4   126.7   139.8   222.9   274.5   304.4   324.4   346.9   375.4   417.1   495.3   618.7  1320.5 102089.8   101949
read      249.5    96.5    80.4   138.1   153.9   246.1   280.3   297.9   311.2   325.7   343.8   372.4   435.2   546.3  1704.6  23929.6    24076
read      251.7   102.5    74.4   124.7   138.5   244.2   294.1   317.3   333.4   351.3   374.5   409.8   477.4   599.6  3001.2  52586.6    52574
read      244.6   102.2    80.4   128.3   141.4   224.0   275.0   304.8   324.8   347.5   376.4   418.9   500.1   641.4  2244.2 106422.0   106271
read      239.5   100.7    74.4   125.7   138.7   219.1   269.3   298.5   318.1   340.5   368.7   409.4   490.0   611.8  2229.7 105318.6   105451
read      243.4   116.8    80.4   123.4   136.5   222.4   278.3   308.0   327.2   349.5   378.3   419.4   496.3   618.8  2730.5  85935.2    86087
read      254.1   110.0    80.4   134.3   149.3   251.5   288.4   307.0   319.2   335.7   356.5   389.4   456.2   572.9  3960.3  29164.8    29108
read      246.9   114.5    80.4   128.7   141.9   226.3   278.1   307.4   327.2   349.8   379.2   422.1   504.3   671.3  3322.2 101191.0   101115
read      246.9    98.2    74.4   123.5   136.7   229.1   286.5   314.5   333.5   355.4   383.1   423.5   496.5   591.7  1098.2  74330.2    74326
read      247.0   100.1    74.4   124.2   137.2   228.8   285.9   314.1   333.3   355.3   382.9   423.2   498.0   600.7  1505.8  75855.6    75832
read      245.2   103.4    74.4   126.8   139.8   224.3   277.7   307.8   328.0   351.1   380.4   422.7   500.5   631.8  3068.6  94979.6    94901
read      243.1    83.3    86.8   147.3   161.9   236.1   266.0   282.1   294.0   308.8   327.0   359.2   433.6   631.8  2731.9  15907.8    15809
read      255.9    80.9    80.4   139.5   155.0   253.1   288.1   306.9   319.5   336.6   358.7   393.5   465.7   586.9  1204.6  28982.2    28874
read      255.3   103.3    74.4   128.0   141.9   247.8   296.9   319.3   335.8   354.7   379.4   415.9   488.5   614.4  2385.2  51700.4    51882
read      254.0    93.9    80.4   132.7   147.7   251.2   288.9   308.6   321.6   338.9   361.1   395.7   468.7   593.4  2392.9  32733.6    32653
read      252.4    98.6    80.4   127.8   141.8   249.2   291.8   312.8   327.5   344.2   367.2   399.9   467.5   575.7  3035.4  41507.8    41676
read      248.5    98.2    74.4   123.5   136.8   234.8   290.8   316.2   333.4   353.1   378.5   416.6   490.2   592.0  2019.1  63173.2    63019
read      246.9   110.1    80.4   128.3   141.3   226.0   278.9   308.6   328.3   351.1   380.6   424.0   505.9   663.8  2588.7  99330.4    99164
read      248.1   107.9    74.4   124.1   137.9   244.1   288.8   309.8   323.6   340.4   363.0   397.6   469.8   594.0  2811.5  46906.4    47055
read      244.2   105.4    74.4   121.6   134.5   232.0   285.9   310.2   326.0   344.1   368.3   403.4   477.8   632.1  2488.3  62390.2    62394
read      243.7    98.3    80.4   127.0   139.9   223.5   276.0   305.1   324.6   346.7   375.0   418.2   501.7   640.6  1542.9  98470.0    98519
read      247.0    82.5    74.4   130.9   145.4   245.3   281.3   299.7   313.0   328.1   346.6   379.1   445.0   562.9  1779.9  32070.6    32122
read      251.8   108.0    80.4   125.8   139.4   245.6   292.8   314.9   330.4   347.4   371.9   408.0   483.2   635.6  2860.2  49549.8    49464
read      249.6    83.0    74.4   136.6   152.3   246.4   280.3   298.5   311.7   326.7   346.1   379.7   448.1   547.7  1615.4  24048.4    24034
read      246.9   102.0    74.4   124.1   137.2   228.2   285.0   313.2   332.2   354.1   382.5   424.5   503.6   637.2  1692.3  77353.0    77363
read      245.3   111.3    74.4   126.2   139.3   224.6   279.0   308.6   328.2   350.7   380.0   421.9   500.6   627.0  2869.1  91811.6    91698
read      253.6    91.3    74.4   129.0   143.4   250.7   291.8   312.5   326.9   343.9   367.5   401.4   471.4   591.6  1899.7  38904.2    38997
read      241.0   104.1    74.4   122.8   135.6   221.1   276.5   305.5   324.0   344.9   371.9   411.0   487.7   625.9  2469.1  86252.2    86028
read      244.0   104.0    80.4   123.4   136.4   223.7   280.1   310.1   329.6   351.3   379.4   419.9   495.6   626.1  2884.6  82880.2    83012
read      234.0    76.3    80.4   142.0   156.5   228.1   257.3   273.3   285.1   297.5   315.0   341.9   405.0   507.6  2178.8  15030.8    15024
read      249.4    94.9    74.4   123.5   137.2   240.1   292.3   316.3   332.9   351.5   375.8   411.5   474.3   584.1  1354.2  56867.4    56640
read      245.0   113.5    74.4   127.6   140.6   224.4   277.1   306.7   326.4   349.1   378.0   419.9   497.8   613.1  2543.7  97394.6    97362
read      242.5    94.5    80.4   127.9   140.9   223.2   272.6   301.4   320.6   343.5   372.3   414.7   494.7   613.8  1193.9 107542.6   107412
read      251.4   125.8    74.4   124.0   137.6   236.4   291.8   317.6   335.9   357.4   384.8   424.9   498.4   652.2  2852.0  65081.0    65030
read      244.8   102.3    74.4   123.5   136.6   225.6   282.0   310.5   329.6   351.8   380.4   421.9   496.6   610.1  1695.2  79426.8    79278
read      251.7    92.1    80.4   125.5   139.7   246.9   293.5   315.6   331.3   348.5   372.1   405.4   469.5   579.0  1308.9  47558.8    47544
read      246.7    98.8    74.4   129.4   142.9   227.1   277.6   306.5   326.2   349.1   377.7   420.6   501.5   637.4  2189.8 105343.8   105368
read      247.2    99.7    74.4   122.3   135.6   236.6   289.6   314.1   330.9   349.6   374.0   409.3   471.2   556.6  2030.9  58237.2    58181
read      249.8   102.7    74.4   123.3   136.9   240.0   291.5   315.5   332.5   351.9   376.6   413.7   483.4   598.4  2594.3  56888.4    56960
read      237.1    73.2    80.4   142.5   157.2   231.9   261.2   276.1   288.3   301.9   319.3   345.7   416.9   553.4  2149.0  14860.2    14849
read      245.5    97.0    74.4   121.6   134.6   233.3   287.2   312.5   329.6   348.5   373.6   411.0   478.9   583.0  1852.1  63389.8    63672
read      252.9   100.5    74.4   125.5   139.6   247.2   294.5   317.2   333.3   351.5   374.4   408.7   474.6   573.4  2547.9  48376.8    48289
read      228.1    76.2    86.8   142.2   155.5   221.4   249.2   264.1   274.2   287.6   304.1   332.8   401.8   549.4  2777.9  11938.4    11797
read      225.0    75.9    86.8   143.0   155.6   217.9   244.6   259.4   270.3   283.4   299.2   325.5   395.8   509.9  3088.8  10790.6    10781
read      250.9    91.4    74.4   125.0   139.0   246.2   292.8   315.0   330.6   347.7   371.2   404.5   470.3   555.8  1029.1  49252.4    49362
read      249.0   118.8    80.4   129.6   143.0   228.0   279.6   308.7   328.7   351.9   381.6   425.0   508.7   730.2  3740.1 102143.6   102119
read      251.3    90.0    74.4   125.7   139.9   247.4   293.0   314.7   329.9   346.6   369.8   401.9   466.1   566.3  1009.0  46262.4    46213
read      245.9    98.8    74.4   128.1   141.2   226.2   278.2   307.7   327.7   350.2   378.8   421.2   500.6   621.9  1270.2  96803.8    97025
read      241.3    82.1    80.4   140.4   155.9   237.1   267.6   283.9   295.3   309.6   326.7   355.8   423.8   547.6  2859.3  18408.0    18351
read      243.3    71.6    74.4   138.9   154.0   240.5   272.1   288.9   300.4   314.5   332.8   362.5   428.1   515.1  1623.7  21366.0    21426
read      253.5    95.5    74.4   127.9   141.8   250.5   293.4   314.4   329.3   346.0   369.7   403.0   470.4   585.4  2658.0  42815.8    43013
read      248.1   115.2    74.4   122.7   135.9   232.3   288.2   314.5   332.5   353.1   379.7   418.3   493.7   630.4  3478.3  67352.0    67376
read      252.8    85.3    80.4   130.9   145.8   251.2   290.5   310.4   323.9   340.8   362.5   393.8   455.3   532.6  1019.7  35963.2    36043
read      202.3    53.7    93.8   138.7   147.9   193.2   215.1   228.7   238.4   250.9   268.1   294.2   370.0   485.4  1016.3   6272.4     6255
read      239.2   107.2    74.4   125.3   138.4   218.2   269.1   298.1   317.7   340.6   368.9   409.2   488.3   616.9  3302.3 102234.4   102499
read      252.1   136.8    80.4   136.7   152.3   249.4   284.2   302.1   314.9   329.8   346.6   375.0   436.4   535.1  8915.5  26218.8    26263
read      249.4    99.2    74.4   123.2   137.0   240.4   291.7   315.5   332.2   351.3   375.7   411.5   475.1   572.6  2617.7  56919.2    56974
read      254.8   102.4    74.4   128.6   143.1   251.7   294.8   315.8   330.7   347.0   369.9   402.2   467.5   566.4  2488.2  40816.2    40869
read      253.2   103.6    74.4   126.3   140.2   248.6   294.2   316.2   331.8   348.9   372.4   405.7   471.2   588.7  2496.5  46559.0    46514
read      225.6    71.1    86.8   141.5   154.5   218.2   246.1   261.1   271.5   284.7   301.1   329.2   399.7   523.8  2690.5  11495.0    11431
read      249.7    95.9    80.4   123.4   137.1   239.5   292.5   316.9   333.7   352.9   377.9   415.7   486.7   586.9  1280.8  58405.8    58600
read      247.3    99.2    74.4   123.0   136.1   231.4   288.8   315.5   333.6   354.2   380.8   420.4   494.2   592.6  1824.9  68117.2    68058
read      251.1    98.4    74.4   124.2   137.9   242.6   294.1   317.3   333.6   352.0   376.3   413.9   485.9   613.6  2196.3  54387.8    54502
read      246.6    96.6    80.4   122.7   135.8   233.3   288.9   314.2   331.1   350.0   375.0   414.3   491.1   589.6  1397.7  64136.8    64022
read      246.6    95.1    74.4   123.0   136.4   240.7   288.9   311.1   325.9   342.8   365.9   399.5   466.6   568.5  2689.5  51973.4    52142
read      247.4   103.0    80.4   128.7   141.9   227.1   279.2   308.2   327.7   349.9   379.2   422.9   507.7   747.4  2384.4 101358.8   101375
read      249.4    93.0    80.4   127.2   140.9   247.3   288.2   308.2   321.2   338.0   359.3   393.3   463.9   571.5  2276.4  40517.2    40606
read      250.1   103.4    74.4   125.3   138.9   245.3   291.2   313.0   327.9   344.7   368.5   402.0   469.4   565.6  3016.6  47601.6    47485
read      251.9   112.2    74.4   125.8   139.6   246.1   293.3   315.4   330.8   347.8   371.9   404.7   470.6   577.0  3045.3  48975.6    48977
read      254.3    94.0    74.4   129.4   143.7   251.8   293.8   314.5   329.1   345.2   367.9   400.4   464.9   553.6  1896.9  38693.6    38615
read      246.6   101.6    80.4   124.5   137.8   226.4   283.4   312.5   332.2   354.8   383.5   425.1   502.7   646.8  2299.1  80189.4    80279
read      245.2   109.3    74.4   122.8   135.8   226.6   283.2   311.4   330.3   351.8   379.1   419.3   495.6   615.8  3305.5  75844.0    75843
read      247.8    97.6    74.4   123.0   136.4   232.6   289.1   315.9   334.0   354.8   381.7   420.9   492.1   582.4  1227.5  67074.8    67095
read      255.8    90.3    80.4   131.0   146.0   253.5   295.5   316.2   331.1   347.2   369.7   402.0   466.5   559.9  1565.3  41447.4    41325
read      254.4   108.2    80.4   127.7   141.6   245.9   295.8   319.0   335.8   355.2   379.6   415.2   484.5   608.0  2719.1  55544.8    55752
read      247.5   102.1    80.4   126.6   139.7   227.2   283.3   312.9   332.6   355.1   383.6   425.3   501.8   615.2  2102.6  85578.4    85561
read      237.1    76.9    80.4   145.2   160.0   230.9   260.1   274.8   287.1   300.4   317.7   346.3   422.8   542.9  1491.7  14195.6    14194
read      244.3   104.9    74.4   124.4   137.5   223.8   278.4   307.8   327.3   349.2   378.9   421.9   499.9   640.6  3072.6  87993.4    88002
read      244.7   110.8    80.4   125.7   138.7   223.8   278.4   308.6   328.4   350.6   379.4   421.0   499.2   627.1  2897.3  90889.2    90515
read      241.5    98.1    74.4   127.5   140.4   221.1   270.9   299.7   319.7   342.6   371.6   414.3   494.2   618.6  1707.8 109136.6   109283
read      252.3    85.0    80.4   135.6   151.3   249.5   284.9   303.2   315.9   331.8   351.7   385.8   456.0   584.1  2266.6  26680.2    26699
read      254.7    95.9    74.4   129.7   144.2   251.9   292.7   312.9   327.0   343.6   367.4   401.5   468.0   583.9  2649.7  37378.8    37400
read      245.7    80.1    80.4   140.9   156.5   241.8   272.9   290.4   302.5   316.0   334.8   365.9   435.4   558.1  2092.6  19261.6    19307
read      227.8    66.5    86.8   142.3   155.6   220.8   249.0   264.4   274.8   288.9   306.3   334.6   405.7   544.0  1948.9  11497.4    11527
read      246.0   101.7    74.4   125.0   138.2   226.3   281.9   310.8   330.2   352.8   382.8   425.2   500.9   615.5  1548.4  83439.2    83787
read      250.0    83.5    80.4   137.8   152.7   245.9   280.7   299.2   312.3   327.3   346.2   382.2   457.3   571.7  1878.3  22218.8    22209
read      247.4   114.8    74.4   123.6   137.0   228.8   285.2   313.0   331.9   353.5   381.6   422.9   500.7   660.9  2738.5  75523.8    75169
read      246.0   100.5    80.4   123.2   136.1   227.8   285.0   313.0   331.6   353.0   381.1   422.7   501.3   621.5  1627.8  73811.8    73833
read      244.5    99.4    74.4   126.3   139.4   223.7   276.8   306.6   326.4   348.8   379.2   423.4   507.1   640.3  1487.7  94847.4    94641
read      248.8   104.7    80.4   122.9   136.1   235.3   290.7   315.8   333.2   353.2   379.9   418.8   492.6   597.7  2217.0  61217.4    61338
read      247.1    98.1    74.4   127.3   140.3   226.6   281.0   310.5   330.4   353.4   383.5   426.3   507.1   639.2  1359.0  91805.6    91825
read      244.1   102.7    74.4   123.2   136.1   225.5   282.7   310.6   328.8   348.6   375.3   415.2   494.3   635.4  2429.4  77174.8    77235
read      245.1    90.5    74.4   127.8   141.7   243.6   281.8   300.3   313.3   328.3   346.6   379.2   447.8   549.1  2701.9  37390.0    37257
read      251.9   102.6    74.4   133.0   148.5   249.7   287.0   306.1   319.0   335.0   354.6   387.1   451.1   543.0  1477.8  32092.0    32057
read      246.6    96.9    80.4   129.7   143.2   227.7   277.6   306.0   325.0   346.6   375.1   418.7   503.5   661.5  1979.1 108535.0   108618
read      241.9    95.9    74.4   121.7   134.4   225.3   281.5   308.5   325.9   345.3   371.1   410.1   488.4   604.5  1221.9  73077.6    72930
read      252.2    91.7    74.4   126.9   141.1   249.5   293.5   314.3   328.9   345.1   368.6   400.7   464.8   556.8  1685.3  43768.8    43714
read      246.4   108.7    80.4   126.2   139.2   225.7   281.2   310.7   330.1   351.8   380.7   422.5   501.6   647.3  3098.8  87442.2    87369
read      250.5    97.7    80.4   124.3   138.2   241.2   292.9   316.5   333.1   351.9   377.2   415.8   485.5   587.6  1964.2  56663.6    56640
read      244.2   105.8    74.4   126.8   139.9   224.0   276.4   306.0   325.5   347.0   375.4   418.2   498.8   634.0  1995.2  97514.8    97360
read      244.7   104.0    74.4   123.3   136.4   225.3   281.7   309.8   328.3   349.0   377.2   419.9   501.9   693.1  2748.6  79753.8    79788
read      225.5    71.5    80.4   142.4   155.5   216.9   244.6   260.0   271.1   285.3   303.8   334.3   408.0   524.4  2087.2  11381.0    11352
read      243.0   101.6    74.4   124.0   137.2   222.5   277.3   306.7   325.8   347.1   376.1   418.8   496.9   634.3  2393.1  87633.8    87962
read      248.3   102.9    80.4   126.9   140.7   246.2   286.4   305.8   318.6   335.2   356.5   391.5   460.9   582.5  2706.6  40790.2    40663
read      246.5    96.2    74.4   122.0   135.2   236.2   288.7   312.8   329.2   347.1   372.7   410.7   480.6   578.3  1177.7  59461.4    59386
read      251.5   124.6    74.4   125.0   138.7   245.8   291.7   313.6   328.8   345.7   370.4   405.5   474.8   614.0  3367.2  48248.8    48302
read      236.8    95.9    80.4   138.3   153.2   230.6   259.8   275.0   287.7   301.6   319.4   350.5   428.1   803.3  3910.9  19328.8    19398
read      246.1   101.7    74.4   125.3   138.4   226.7   282.5   310.9   329.5   350.5   379.7   423.4   505.3   641.8  2126.2  82320.0    82197
read      246.6    97.5    74.4   125.1   138.3   228.5   284.9   313.2   331.8   352.7   380.8   421.6   496.3   596.4  1404.7  77332.6    77387
read      243.8   103.4    74.4   122.1   135.2   226.8   282.5   309.5   327.5   347.4   374.5   414.7   488.4   596.2  2814.1  72687.6    72753
read      215.0    82.3    86.8   141.6   152.2   204.7   229.8   244.3   254.5   267.8   284.9   313.4   394.4   573.0  3030.1   7688.2     7720
read      252.7    95.3    80.4   126.4   140.4   248.3   293.6   315.3   330.5   346.8   371.7   407.9   478.7   584.0  1813.1  46170.0    46279
read      253.2    90.0    74.4   128.1   142.3   249.4   293.3   314.4   329.3   346.0   369.8   402.5   467.5   579.2  1438.3  42121.2    42102
read      247.9   110.9    74.4   127.4   140.3   226.6   280.6   310.1   330.1   353.1   382.7   425.8   507.8   816.3  2806.9  90706.6    90892
read      256.7    97.4    80.4   129.6   144.2   253.4   296.3   317.4   332.7   349.8   372.8   405.2   470.1   624.9  2199.0  40144.2    39976
read      249.6   104.6    74.4   123.3   136.9   237.2   291.9   317.0   334.5   354.6   380.7   418.8   485.8   574.7   999.1  61051.2    61084
read      241.3    70.3    80.4   142.4   157.9   237.0   268.2   284.6   295.9   309.8   326.0   352.9   419.0   512.0  1596.3  16689.0    16735
read      254.3   104.7    80.4   127.0   141.0   249.5   295.5   317.5   333.3   350.8   374.0   408.1   470.5   570.7  3728.3  46090.6    45909
read      253.2    89.6    80.4   135.0   150.3   250.6   286.6   305.4   318.1   334.4   355.1   389.3   460.1   587.1  2273.3  28986.6    28976
read      244.4    99.9    74.4   124.1   137.2   224.8   280.3   309.1   328.5   350.4   379.5   421.4   498.9   617.7  1786.2  84562.8    84704
read      244.9    99.5    74.4   127.9   140.8   224.6   276.1   305.5   325.4   348.0   378.4   421.7   502.1   624.7  1446.3 101833.0   101822
read      242.6   104.1    74.4   124.5   137.8   221.1   275.2   305.9   325.5   347.4   376.7   419.0   496.8   640.2  2329.5  92515.4    92571
read      222.8    64.7    80.4   141.9   154.8   215.9   241.5   255.5   266.6   278.9   296.0   322.4   397.6   534.0  1612.9  12065.8    12106
read      247.7    94.8    74.4   123.5   136.6   238.7   292.0   315.3   331.0   347.8   372.0   406.2   474.1   577.6  1224.8  58473.0    58568
read      251.8   101.8    74.4   125.1   139.0   245.9   294.9   317.2   332.5   348.8   371.9   405.3   472.1   591.7  2850.6  51385.8    51319
read      239.3    75.6    80.4   137.3   152.1   236.6   266.2   282.1   293.5   307.7   324.6   352.7   420.6   526.5  1896.4  21582.4    21556
read      227.4    66.0    86.8   141.3   155.0   221.9   248.5   263.2   273.2   286.5   302.8   330.8   399.5   509.2  2095.5  14237.8    14191
read      247.0   121.4    80.4   132.4   147.2   245.2   278.5   295.8   308.5   321.7   340.9   370.6   434.5   629.0  4297.6  29062.8    29072

Total QPS = 57355.6 (91768992 / 1600.0s)

Total connections = 64
Misses = 0 (0.0%)
Skipped TXs = 0 (0.0%)

RX 22666940530 bytes :   13.5 MB/s
TX          0 bytes :    0.0 MB/s
Warning! Detected max cpu usage > 95%
CPU Usage Stats (avg/min/max): 100.00%,50.00%,100.00%
