#type       avg     std     min      p5     p10     p50     p67     p75     p80     p85     p90     p95     p99    p999   p9999      QPS   target       ts_start         ts_end
read      268.3   191.9   109.4   176.2   191.6   254.7   278.7   293.2   304.5   317.7   338.2   370.8   464.7  2155.3  7941.8   4909.5     5000  1777975946129  1777975948392
read      288.2   161.8    93.8   162.2   181.9   278.3   310.6   328.3   341.2   357.5   377.8   417.4   532.6  2332.2  7691.2  14859.5    15000  1777975949897  1777975952143
read      310.4   120.3    80.4   151.4   171.3   305.2   349.7   373.5   390.8   410.1   436.5   486.3   681.0  1196.0  1750.0  24866.5    25000  1777975953649  1777975955851
read      306.6   122.5    80.4   146.4   164.2   300.4   352.8   380.8   399.8   423.2   452.3   497.0   604.0   925.7  2997.2  34907.0    35000  1777975957355  1777975959556
read      311.9   129.7    86.8   147.2   165.5   296.6   357.5   391.1   414.9   442.4   477.6   531.1   647.9   854.5  1616.5  45103.0    45000  1777975961061  1777975963262
read      357.2   148.9    86.8   158.3   183.6   336.7   402.3   441.6   470.0   504.4   547.7   622.0   796.9  1120.2  1744.8  55163.5    55000  1777975964766  1777975966966
read      363.3   171.7    74.4   157.2   182.2   334.8   408.5   452.4   484.0   521.2   571.5   657.3   873.6  1258.5  3919.4  65045.9    65000  1777975968470  1777975970671
read      983.1   420.7   109.4   686.2   734.0   870.0   924.9   966.3  1014.4  1342.9  1584.4  1712.1  1878.9  7266.3  8112.9  66978.0    75000  1777975972175  1777975974376
read      953.3   444.7   127.6   644.6   699.0   841.1   900.2   940.2  1012.9  1341.9  1532.0  1660.7  1851.9  7290.2 13347.8  69096.3    85000  1777975975879  1777975978084
read      942.8   409.4   127.6   649.4   694.0   831.0   888.8   933.6  1007.9  1347.3  1509.6  1636.6  1841.0  7201.0  8787.7  70040.5    95000  1777975979588  1777975981787
read     1003.8   436.2   160.7   704.3   753.3   891.9   942.7   991.5  1032.3  1299.7  1605.7  1743.1  1947.4  7316.3  9645.1  66031.8   105000  1777975983292  1777975985494
read     1033.3   450.7   109.4   727.1   775.3   920.2   978.0  1011.0  1062.8  1276.6  1645.8  1801.1  2007.6  7358.3  9511.7  64161.3   115000  1777975986999  1777975989201
read     1005.1   444.6   118.1   647.5   713.3   895.3   965.4  1018.1  1132.8  1395.0  1582.2  1735.4  1969.7  7285.0 10126.1  65850.0   125000  1777975990705  1777975992907
Warning! Detected max cpu usage > 95%
CPU Usage Stats (avg/min/max): 50.25%,0.50%,100.00%
