#type       avg     std     min      p5     p10     p50     p67     p75     p80     p85     p90     p95     p99    p999   p9999      QPS   target       ts_start         ts_end
read      260.3   129.1   101.3   176.9   191.9   250.8   273.9   288.3   297.8   311.7   328.7   358.1   432.7  1272.5  3231.1   5022.0     5000  1777976183502  1777976185761
read      276.9   102.6    86.8   168.2   189.2   273.9   302.3   318.0   329.6   342.2   360.6   390.1   459.7   652.4  1986.5  15001.0    15000  1777976187266  1777976189509
read      284.7    92.4    93.8   154.0   173.3   285.4   319.4   337.6   349.9   365.7   385.3   415.1   483.1   900.0  2039.4  24920.0    25000  1777976191014  1777976193223
read      284.5    94.9    86.8   145.2   162.3   286.1   327.9   348.6   363.9   380.8   401.6   433.7   503.0   670.6  1045.5  35106.5    35000  1777976194727  1777976196933
read      284.0   109.7    86.8   139.5   155.5   280.3   328.9   352.8   369.8   389.6   413.5   451.7   544.7   929.7  2640.6  44965.5    45000  1777976198437  1777976200636
read      280.6   113.6    86.8   138.5   153.9   271.3   324.4   350.8   369.1   390.4   416.9   459.2   559.5   912.8  1286.6  54850.2    55000  1777976202142  1777976204342
read      272.7   114.8    80.4   136.1   150.7   257.5   314.2   342.6   362.6   385.4   414.1   458.2   556.0   787.4  1696.5  64615.5    65000  1777976205846  1777976208046
read      278.7   120.8    80.4   137.4   152.9   262.4   315.9   344.8   365.6   389.4   419.8   466.8   598.0  1197.6  2556.6  74821.5    75000  1777976209551  1777976211752
read      291.5   127.8    86.8   143.3   160.6   274.0   327.5   357.3   378.5   404.1   439.1   496.1   641.5   943.1  3196.4  84717.9    85000  1777976213257  1777976215457
read      317.2   135.9    86.8   152.2   173.4   299.3   353.2   385.0   409.0   439.0   480.1   543.5   708.7   996.9  3762.7  95260.5    95000  1777976216961  1777976219163
read      500.0   325.9    86.8   169.5   200.4   436.3   560.0   629.9   687.3   773.0   917.5  1084.3  1357.5  2694.7  8165.7  98777.3   105000  1777976220667  1777976222874
read      524.0   224.7    86.8   239.2   285.8   477.4   569.9   640.8   701.2   768.8   844.5   937.1  1094.9  1609.4  4288.1 111729.7   115000  1777976224377  1777976226582
read      527.4   372.9    86.8   178.4   208.1   424.2   599.7   687.9   749.4   829.6   953.8  1207.9  1608.9  3691.6  7773.6 101701.5   125000  1777976228087  1777976230287
Warning! Detected max cpu usage > 95%
CPU Usage Stats (avg/min/max): 50.50%,1.01%,100.00%
