#type       avg     std     min      p5     p10     p50     p67     p75     p80     p85     p90     p95     p99    p999   p9999      QPS   target       ts_start         ts_end
read      233.3   115.4   109.4   158.6   169.7   223.6   246.9   260.3   270.4   283.1   298.8   327.6   397.6   732.9  8799.8   4932.5     5000  1777927996445  1777927998723
read      281.8    84.1    86.8   157.3   176.6   279.7   315.7   335.1   348.2   365.3   386.1   416.9   476.9   667.7  1893.0  14766.0    15000  1777928000227  1777928002466
read      298.7   102.7    86.8   149.6   168.7   295.0   344.7   370.4   388.3   407.2   430.7   465.3   536.3   653.6  1882.3  25130.0    25000  1777928003970  1777928006176
read      311.1   146.7    86.8   146.2   164.6   300.7   362.7   393.7   414.8   437.9   466.9   508.1   591.6   839.7  5718.0  34920.9    35000  1777928007679  1777928009878
read      314.7   130.4    86.8   140.9   159.2   299.6   370.1   405.4   430.1   457.4   491.1   538.5   629.0   785.1  2031.0  45194.0    45000  1777928011382  1777928013579
read      321.2   140.9    80.4   138.7   156.8   299.9   376.7   418.5   446.5   477.1   515.0   567.1   675.2   898.4  1961.2  55008.9    55000  1777928015083  1777928017280
read      356.2   175.6    80.4   143.1   163.8   321.0   416.8   467.6   502.4   540.8   587.2   662.4   850.4  1236.5  2146.3  64850.0    65000  1777928018784  1777928020982
read      403.8   294.3    74.4   143.0   163.6   321.7   446.0   515.6   564.1   624.2   712.1   880.1  1450.5  2505.9  7255.6  75241.0    75000  1777928022485  1777928024684
read      889.0  1793.4    80.4   162.5   185.6   287.2   330.4   360.1   386.7   432.5  3149.0  6184.4  7367.9  9337.9 11691.1  75586.5    85000  1777928026187  1777928028389
read      855.9  1748.8    80.4   160.2   184.4   279.8   316.0   340.3   362.9   401.7  2778.4  6129.6  7469.7  9427.5 10913.6  79091.0    95000  1777928029893  1777928032093
read      935.8  1855.2    80.4   170.3   194.9   305.9   346.4   373.8   398.9   443.2  3517.8  6237.5  7546.4  9383.4 12810.9  72550.5   105000  1777928033597  1777928035796
read      894.2  1810.4    80.4   163.4   187.1   292.1   330.8   355.8   376.7   414.8  3205.4  6197.9  7465.9  9176.4 10896.2  75904.0   115000  1777928037301  1777928039501
read      894.4  1809.4    80.4   165.0   189.9   290.4   328.0   352.5   373.7   412.4  3259.0  6201.2  7399.2  9311.4 11733.4  76054.0   125000  1777928041005  1777928043205
Warning! Detected max cpu usage > 95%
CPU Usage Stats (avg/min/max): 51.00%,2.00%,100.00%
