#type       avg     std     min      p5     p10     p50     p67     p75     p80     p85     p90     p95     p99    p999   p9999      QPS   target       ts_start         ts_end
read      233.2    85.3    93.8   156.4   168.1   223.9   248.3   262.9   272.8   287.1   305.3   334.4   402.0   709.8  5985.5   4969.0     5000  1777927679647  1777927681909
read      274.6    86.2    80.4   153.1   171.8   271.5   307.9   326.4   340.3   357.0   376.7   404.1   470.3   647.9  2667.5  15046.5    15000  1777927683413  1777927685662
read      298.4    99.8    86.8   152.6   170.7   296.2   343.9   368.5   385.3   402.9   427.1   460.7   534.7   664.3  1816.4  24960.0    25000  1777927687166  1777927689369
read      302.3   137.3    86.8   145.9   163.1   292.4   352.2   381.7   401.8   424.8   452.9   495.1   577.2   726.4  4175.1  35235.5    35000  1777927690873  1777927693076
read      309.4   128.2    80.4   144.1   162.3   293.3   363.4   397.6   421.2   447.5   479.0   527.9   615.0   746.1  2198.0  45108.0    45000  1777927694581  1777927696784
read      308.7   140.9    80.4   141.4   160.0   286.1   356.7   395.0   422.0   452.3   488.8   539.7   638.5   817.4  3488.4  55091.0    55000  1777927698288  1777927700488
read      327.4   150.4    80.4   147.8   168.9   304.5   373.9   414.0   443.0   475.5   517.7   576.5   689.4   879.5  2576.1  64749.0    65000  1777927701991  1777927704192
read      518.9   317.5    80.4   182.9   219.6   461.3   599.5   664.9   704.8   749.3   829.9  1105.9  1467.3  1960.1  7422.1  74865.5    75000  1777927705696  1777927707896
read      884.7   406.8   173.5   628.3   660.6   774.1   819.2   856.6   901.5  1305.5  1438.9  1541.7  1687.7  7168.9 11186.1  74363.0    85000  1777927709400  1777927711602
read      844.0   362.4   148.8   601.6   630.2   735.4   784.1   813.6   867.5  1256.3  1371.7  1467.5  1603.3  7077.1  8047.5  77923.5    95000  1777927713105  1777927715306
read      838.7   375.1   127.6   588.6   618.4   727.4   775.8   806.4   872.1  1262.2  1364.4  1455.3  1594.2  7076.5  8117.3  78263.0   105000  1777927716809  1777927719010
read      835.0   339.6   137.8   599.2   624.6   726.7   774.3   805.3   863.8  1270.7  1360.2  1450.2  1585.0  4976.6  7634.1  78505.1   115000  1777927720513  1777927722713
read      899.5   395.0   160.7   646.5   678.0   788.0   835.4   864.4   913.2  1304.3  1459.9  1566.8  1716.2  7202.2  8821.2  73461.4   125000  1777927724217  1777927726417
Warning! Detected max cpu usage > 95%
CPU Usage Stats (avg/min/max): 50.50%,1.01%,100.00%
