#type       avg     std     min      p5     p10     p50     p67     p75     p80     p85     p90     p95     p99    p999   p9999      QPS   target       ts_start         ts_end
read      258.2   112.5    80.4   150.5   165.0   246.3   282.5   302.6   317.2   335.5   358.9   395.8   487.7  1310.8  3982.8  30061.9    30000  1777922746108  1777922756251
read      267.1   121.3    93.8   153.0   168.3   252.4   290.3   311.9   327.8   346.6   372.3   415.5   537.6  1446.0  4227.1  29974.2    30005  1777922757767  1777922767889
read      274.1   115.1    93.8   158.1   173.2   259.8   298.7   320.7   337.8   357.8   383.9   426.8   544.6  1415.9  3232.0  30017.5    30010  1777922769404  1777922779505
read      268.0   128.6    93.8   156.9   171.3   251.4   288.7   310.3   325.9   345.1   370.8   413.3   544.5  1856.6  4203.3  29956.3    30015  1777922781020  1777922791130
read      268.9   113.3    93.8   156.3   171.1   253.9   292.5   314.7   331.2   350.5   376.5   421.1   533.0  1318.9  3186.8  30169.7    30020  1777922792644  1777922802745
read      265.5   115.0   101.3   155.2   169.4   250.0   288.4   310.6   326.7   345.9   371.9   414.6   522.1  1425.3  3528.4  30056.1    30025  1777922804259  1777922814362
read      260.3   111.9    93.8   156.0   169.5   245.5   281.5   302.2   317.5   336.5   361.0   399.2   506.0  1390.0  3490.4  30022.5    30030  1777922815876  1777922825981
read      246.5   108.3    86.8   150.0   162.1   232.0   266.5   286.4   301.0   318.5   342.3   380.0   477.0  1049.6  3953.5  29957.1    30035  1777922827496  1777922837601
read      255.3   122.4    93.8   152.2   165.0   238.3   273.7   294.5   310.4   329.3   354.2   395.4   510.7  1790.8  4177.4  30102.4    30040  1777922839115  1777922849217
read      258.7   115.9    93.8   154.7   168.2   243.9   278.8   298.9   314.6   333.5   358.2   397.5   500.8  1719.3  3843.8  30020.8    30045  1777922850732  1777922860842
read      258.8   137.7    93.8   153.4   166.5   242.4   279.4   300.7   316.4   335.8   361.1   400.2   503.7  1527.6  6266.8  30030.6    30050  1777922862356  1777922872458
read      262.1   133.6    93.8   154.7   168.2   244.9   281.4   302.4   317.9   337.6   363.6   404.1   532.3  1899.1  4788.2  29972.6    30055  1777922873973  1777922884079
read      267.4   112.6    93.8   155.7   170.3   253.5   291.8   313.8   330.2   349.3   374.5   417.5   519.5  1124.6  3593.1  30066.7    30060  1777922885598  1777922895705
read      268.6   134.3   101.3   155.9   170.1   252.2   290.9   312.9   329.2   348.2   374.0   418.1   534.8  1808.0  4938.2  30028.0    30065  1777922897222  1777922907328
read      271.8   114.1   101.3   161.1   175.2   256.7   294.8   316.9   333.6   353.2   379.5   422.5   542.2  1097.4  3476.1  30077.3    30070  1777922908842  1777922918951
read      266.0   110.4    93.8   157.4   171.3   250.9   288.4   310.0   325.5   344.7   370.3   412.7   540.7  1169.4  3544.1  30044.6    30075  1777922920465  1777922930570
read      258.3   124.3    93.8   152.8   166.3   241.3   278.5   299.8   315.9   335.7   361.4   400.8   509.9  1594.1  4210.1  30024.4    30080  1777922932085  1777922942188
read      250.4   111.4    93.8   150.3   163.0   235.4   271.4   292.1   307.7   326.0   349.9   390.1   485.6  1121.6  3628.2  30062.3    30085  1777922943701  1777922953804
read      257.2   113.4    93.8   154.0   167.1   242.0   278.6   299.8   315.6   334.6   359.2   398.4   494.8  1212.3  4174.8  30197.9    30090  1777922955319  1777922965421
read      257.2   112.2    93.8   152.0   165.6   242.0   278.5   299.8   315.6   334.8   359.8   399.1   500.5  1499.8  3347.3  30109.2    30095  1777922966937  1777922977034
read      252.7   110.9    93.8   150.3   163.5   239.7   275.0   295.0   310.1   327.4   350.8   389.7   479.0  1103.2  3477.5  30123.2    30100  1777922978550  1777922988651
read      252.7   109.4    93.8   150.8   164.8   241.0   275.1   294.6   309.1   325.7   347.6   385.8   477.5   877.7  3651.2  30127.0    30105  1777922990164  1777923000266
read      269.5   123.1    93.8   150.8   166.2   251.7   290.3   312.4   329.1   349.5   379.0   433.1   640.4  1323.8  3763.1  30174.2    30110  1777923001783  1777923011893
read      255.2   118.6    86.8   150.6   164.1   238.1   274.2   294.9   310.9   330.0   356.1   400.1   549.1  1321.5  3487.5  30111.7    30115  1777923013408  1777923023511
read      267.8   117.4    93.8   156.6   172.0   254.2   290.6   311.3   326.5   344.9   370.3   412.2   537.4  1274.3  3884.1  30083.9    30120  1777923025025  1777923035129
read      255.8   106.5    86.8   150.9   165.1   242.4   278.3   298.2   313.4   331.4   355.2   395.5   507.8   931.6  3913.2  30200.9    30125  1777923036646  1777923046744
read      261.7   105.7    86.8   155.7   169.8   248.4   285.1   306.2   321.0   340.5   365.6   404.0   507.3   868.5  3580.2  30077.4    30130  1777923048261  1777923058367
read      256.9   111.4    93.8   152.9   167.3   244.3   278.8   298.4   313.4   331.4   355.4   395.4   500.2   880.5  4008.8  30122.5    30135  1777923059883  1777923069986
read      258.0    98.7    86.8   152.6   166.6   244.5   280.7   301.3   316.7   336.2   361.6   401.8   509.4   839.7  3081.9  30159.3    30140  1777923071502  1777923081608
read      268.2   108.4    86.8   159.2   174.0   254.5   290.5   311.0   326.0   344.1   369.7   412.5   548.7  1138.7  3596.0  30115.9    30145  1777923083122  1777923093225
