#type       avg     std     min      p5     p10     p50     p67     p75     p80     p85     p90     p95     p99    p999   p9999      QPS   target       ts_start         ts_end
read      233.3   101.3    86.8   136.3   149.7   220.2   254.4   274.4   289.9   307.9   330.8   366.7   447.3   695.0  3714.4  30194.2    30135  1775296695249  1775296705349
read      230.2   104.3    80.4   135.0   147.8   216.3   250.4   270.7   285.9   303.7   326.5   362.9   443.4   871.9  3850.1  30140.1    30140  1775296706860  1775296716962
read      234.1    93.4    93.8   141.3   153.7   220.3   253.5   273.5   288.9   307.0   330.5   366.8   446.9   690.7  3934.1  30190.5    30145  1775296718474  1775296728581
read      233.4    96.7    93.8   139.4   151.7   220.5   254.3   274.0   289.0   306.4   328.5   363.7   437.4   708.9  4086.5  30175.3    30150  1775296730094  1775296740195
read      231.5   106.3    80.4   135.6   148.0   218.3   252.9   272.9   288.0   305.4   327.6   363.2   441.7   716.4  4288.3  30032.0    30155  1775296741709  1775296751810
read      237.6   102.7    86.8   140.3   153.3   223.4   258.4   279.2   294.8   313.6   337.5   373.3   456.8   779.0  4094.6  30295.5    30160  1775296753323  1775296763424
read      237.6   103.2    86.8   138.5   151.4   223.7   258.8   279.2   294.2   312.9   337.2   374.1   463.0   872.1  3940.3  30177.0    30165  1775296764936  1775296775041
read      230.1    94.9    93.8   137.8   149.6   217.1   250.4   270.0   284.6   301.9   324.0   360.5   435.4   789.3  3418.7  30113.8    30170  1775296776553  1775296786660
read      231.7    93.8    86.8   137.9   150.1   218.1   251.5   271.7   287.0   305.1   328.6   365.7   444.7   832.7  3323.1  30242.0    30175  1775296788172  1775296798276
read      241.2   130.2    93.8   140.1   152.2   222.1   258.0   279.8   295.9   316.2   342.4   386.7   511.3  1689.0  4778.5  30227.1    30180  1775296799791  1775296809891
read      229.2   117.4    86.8   136.0   147.7   212.8   246.2   266.7   282.0   300.6   325.2   365.1   461.5  1010.7  4567.7  30125.4    30185  1775296811404  1775296821505
read      232.2   102.3    86.8   135.6   148.8   217.0   251.8   272.4   288.1   306.4   330.0   367.1   461.5  1027.1  3976.8  30200.4    30190  1775296823019  1775296833122
read      237.8   108.3    80.4   136.7   150.0   222.6   258.3   279.0   294.5   313.3   337.7   376.4   485.5  1106.8  4160.9  30147.4    30195  1775296834635  1775296844734
read      240.0   110.9    86.8   140.7   153.9   225.2   260.4   281.1   296.3   314.9   338.8   375.0   468.2   996.5  4275.8  30183.4    30200  1775296846247  1775296856355
read      232.9   112.4    86.8   135.9   148.7   218.9   253.7   273.8   289.1   306.9   329.6   365.4   450.0   801.1  4329.3  30054.2    30205  1775296857869  1775296867969
read      238.0   103.3    86.8   135.8   149.1   224.6   261.2   281.9   296.7   315.3   339.2   375.7   467.8   765.7  4102.2  30212.6    30210  1775296869483  1775296879583
read      230.8    97.4    86.8   137.9   150.1   216.8   250.5   270.4   285.2   302.3   324.2   360.6   450.0   916.5  3558.6  30271.1    30215  1775296881096  1775296891202
read      226.2    91.5    86.8   135.0   147.0   212.3   245.7   266.0   280.7   298.1   320.4   356.9   436.0   685.8  3109.8  30156.2    30220  1775296892716  1775296902816
read      233.1    99.3    86.8   138.1   151.4   219.6   252.8   272.6   287.6   305.2   328.2   364.9   450.0   748.1  4211.6  30252.7    30225  1775296904329  1775296914429
read      234.8   100.8    86.8   139.7   152.4   221.4   255.2   274.8   290.0   307.8   330.7   366.7   449.9   749.3  4227.8  30285.2    30230  1775296915942  1775296926043
read      235.8   103.3    93.8   140.2   152.7   222.2   256.3   276.0   291.0   308.7   331.6   367.5   457.2   790.1  4196.3  30196.9    30235  1775296927557  1775296937658
read      244.7   113.5    86.8   141.4   154.8   230.2   267.0   288.2   303.9   322.0   346.5   387.0   478.0   939.6  4338.2  30176.9    30240  1775296939171  1775296949271
read      238.8   109.0    80.4   138.3   152.0   224.6   259.9   280.3   295.4   314.1   338.2   374.9   467.3   968.2  4171.2  30276.5    30245  1775296950784  1775296960884
read      239.0   101.4    86.8   142.4   155.7   223.5   257.8   278.5   294.1   313.3   338.2   376.8   472.4   774.6  4102.1  30316.3    30250  1775296962396  1775296972504
read      240.6   102.6    86.8   143.2   156.4   226.8   261.0   281.2   296.0   314.4   338.1   373.7   463.3   805.4  4161.5  30337.0    30255  1775296974017  1775296984118
read      231.0    93.1    86.8   137.1   149.6   217.8   251.9   271.7   286.5   303.8   326.2   362.6   441.1   646.8  3862.4  30162.8    30260  1775296985630  1775296995731
read      241.1   114.3    86.8   139.6   153.3   227.6   263.3   283.8   298.5   316.8   340.2   375.6   461.8   892.1  4341.3  30302.0    30265  1775296997243  1775297007343
read      238.2   106.0    86.8   141.6   154.8   224.5   258.8   278.9   293.8   311.9   335.1   370.8   455.0   766.7  4014.0  30293.8    30270  1775297008856  1775297018956
read      240.5   103.9    86.8   139.2   152.8   226.6   262.6   283.6   298.7   317.2   341.3   379.1   472.4   775.4  4215.0  30278.1    30275  1775297020468  1775297030569
read      232.0    97.1    86.8   139.0   151.3   217.2   251.1   271.6   287.1   305.3   328.7   365.3   447.8   754.4  3912.3  30226.2    30280  1775297032082  1775297042184
read      239.3   110.7    86.8   138.7   151.8   224.8   260.7   281.6   296.7   315.7   340.0   378.3   466.9  1036.6  4158.3  30209.6    30285  1775297043698  1775297053799
read      230.4   116.4    86.8   133.6   146.6   216.0   249.9   270.2   285.4   303.3   326.3   364.0   449.7   878.4  4859.6  30255.7    30290  1775297055312  1775297065413
read      234.2   106.1    86.8   139.4   152.0   221.4   254.9   274.5   289.4   306.8   328.9   364.2   442.4   710.0  4065.5  30261.6    30295  1775297066925  1775297077025
read      234.8   100.7    86.8   136.1   149.8   221.8   256.6   276.8   292.0   309.8   332.7   368.1   448.8   741.6  4117.8  30307.7    30300  1775297078539  1775297088639
