#type       avg     std     min      p5     p10     p50     p67     p75     p80     p85     p90     p95     p99    p999   p9999      QPS   target       ts_start         ts_end
read      267.2   118.3    86.8   146.0   160.4   251.8   301.1   325.8   343.0   363.5   389.3   428.3   520.2   905.6  4254.7  29944.2    30000  1775574745232  1775574755399
read      266.9   130.3    93.8   149.2   162.1   247.4   297.1   323.3   341.7   363.3   390.2   431.1   532.8  1392.5  4872.2  30084.7    30005  1775574756913  1775574767048
read      270.4   126.6    93.8   146.1   159.9   252.7   303.8   330.2   348.3   370.3   397.9   437.7   542.1  1337.5  4038.4  29992.0    30010  1775574768567  1775574778670
read      264.6   121.8    86.8   145.7   159.0   244.6   295.6   321.7   340.8   362.9   390.3   430.4   521.8  1415.1  3941.7  30015.9    30015  1775574780185  1775574790296
read      254.4   109.4    86.8   139.3   151.5   235.7   285.9   312.7   331.1   352.1   378.5   419.0   502.8   975.7  3216.9  30019.8    30020  1775574791809  1775574801909
read      264.8   112.5    93.8   144.5   158.1   247.9   297.7   324.3   342.5   364.0   391.1   432.2   521.4   822.4  3136.5  29993.5    30025  1775574803423  1775574813529
read      258.9   120.1    93.8   142.4   155.4   242.0   291.8   317.0   334.5   354.1   378.4   417.7   503.7  1006.2  4221.0  30037.5    30030  1775574815042  1775574825160
read      263.9   103.3    86.8   145.6   159.4   249.5   298.1   322.9   339.8   359.4   383.9   422.9   507.6   790.3  3024.0  30039.9    30035  1775574826673  1775574836774
read      262.4   105.0    86.8   144.6   158.2   247.6   297.5   321.7   338.7   358.0   381.8   419.7   501.3   829.5  3203.6  30075.8    30040  1775574838287  1775574848387
read      256.5   118.7    86.8   142.6   155.2   240.0   287.4   312.4   329.5   348.7   374.3   415.0   502.1   872.2  3489.1  30043.2    30045  1775574849899  1775574860002
read      253.3   103.1    86.8   139.0   152.6   237.0   285.1   310.2   326.9   345.7   371.1   410.6   497.8   772.2  3145.8  30163.4    30050  1775574861515  1775574871623
read      253.9   110.3    86.8   144.2   156.8   235.3   283.6   309.8   327.3   346.1   371.1   407.8   488.7   746.2  3520.5  30042.5    30055  1775574873137  1775574883239
read      254.7   104.6    86.8   141.8   154.6   239.2   286.4   311.2   328.1   346.5   371.5   410.3   496.0   687.0  3358.9  30059.7    30060  1775574884752  1775574894861
read      252.1   103.4    86.8   141.0   153.6   235.7   283.5   308.3   324.5   343.5   368.5   404.9   491.7   723.5  3466.6  30093.4    30065  1775574896375  1775574906474
read      253.5   102.6    86.8   143.7   156.4   236.7   283.2   308.2   324.7   343.8   368.8   405.2   488.8   705.0  3161.7  30121.6    30070  1775574907986  1775574918096
read      252.5   111.2    86.8   141.0   153.4   236.1   284.4   309.3   325.6   343.8   368.0   403.8   486.8   719.9  3709.5  30082.5    30075  1775574919609  1775574929710
read      252.4    99.1    93.8   144.0   156.4   236.1   284.0   309.0   325.2   343.3   366.8   401.3   474.0   646.3  2916.8  30140.7    30080  1775574931224  1775574941328
read      276.0   140.5    93.8   147.0   161.8   260.7   311.0   335.4   351.9   370.8   395.8   433.5   545.8  1860.7  4565.5  30088.3    30085  1775574942842  1775574952949
read      260.5   106.7    93.8   149.5   162.9   244.5   288.9   312.9   329.8   348.8   374.5   416.2   504.8   854.4  3317.6  30026.9    30090  1775574954464  1775574964564
read      257.5   103.3    86.8   144.9   158.0   240.4   287.9   313.0   330.5   350.3   376.1   417.3   504.1   725.9  3225.0  30090.3    30095  1775574966077  1775574976180
read      254.2   112.4    86.8   141.0   153.4   237.5   287.8   313.2   330.1   348.3   372.1   407.8   486.0   743.8  3960.7  30045.3    30100  1775574977693  1775574987798
read      251.2   108.6    86.8   140.0   152.7   233.9   282.6   308.5   325.2   344.1   368.4   403.3   482.6   724.5  3669.3  30164.7    30105  1775574989312  1775574999414
read      246.1   113.9    86.8   141.5   153.4   228.0   273.1   298.2   315.1   334.4   358.3   395.3   475.2   733.8  3894.9  30102.3    30110  1775575000927  1775575011031
read      255.7   115.1    86.8   143.8   156.8   238.5   285.7   310.6   327.5   346.2   371.1   408.7   495.2  1001.4  4205.6  30063.1    30115  1775575012546  1775575022661
