#type       avg     std     min      p5     p10     p50     p67     p75     p80     p85     p90     p95     p99    p999   p9999      QPS   target       ts_start         ts_end
read      264.8   128.7   101.3   173.9   189.2   256.1   281.5   295.9   307.4   319.5   338.2   369.0   463.5   994.5  6979.6   4986.0     5000  1777978570692  1777978572955
read      288.3    98.4    93.8   162.0   183.0   284.6   318.0   336.3   348.7   365.2   386.0   419.8   511.2  1064.8  2378.5  14928.5    15000  1777978574460  1777978576697
read      300.9   110.9    80.4   153.4   171.7   298.2   341.0   364.4   380.8   399.7   424.8   463.0   562.4  1006.0  4073.1  24887.0    25000  1777978578202  1777978580402
read      307.2   120.6    86.8   150.2   167.8   300.3   353.9   381.9   400.9   424.2   452.8   496.1   593.2   902.3  2037.5  34980.5    35000  1777978581907  1777978584107
read      315.8   131.2    86.8   147.5   165.7   300.4   363.4   397.2   421.4   449.1   483.9   536.8   677.8   940.2  1534.9  45270.1    45000  1777978585610  1777978587810
read      338.9   145.9    80.4   151.7   173.9   318.9   384.5   422.1   449.6   481.1   521.7   586.0   763.2  1090.4  2700.8  55138.0    55000  1777978589315  1777978591513
read      378.9   166.4    86.8   165.3   192.4   352.5   428.7   471.9   503.9   542.1   592.3   682.4   871.1  1178.7  1950.7  64977.5    65000  1777978593018  1777978595218
read      923.3   409.4   127.6   605.9   670.2   818.6   871.3   924.9   999.1  1304.4  1497.4  1611.4  1815.6  7146.4  9488.5  70215.5    75000  1777978596723  1777978598921
read      907.3   403.0   160.7   623.0   666.2   792.0   846.6   884.9   968.4  1330.4  1466.5  1575.6  1732.3  7172.1  9450.9  72424.5    85000  1777978600426  1777978602625
read      858.4   377.6   109.4   561.6   612.0   746.0   804.5   867.6  1036.7  1278.0  1384.0  1480.0  1650.2  7000.9  8826.3  76412.9    95000  1777978604129  1777978606328
read     1019.6   428.3   202.4   738.0   773.8   904.5   954.5   994.8  1023.7  1326.6  1648.0  1777.5  1961.1  7312.3  8152.2  64898.7   105000  1777978607834  1777978610034
read      933.3   407.1   118.1   620.2   670.0   812.3   872.8   937.4  1093.3  1372.4  1499.1  1606.4  1808.6  7200.3  8455.5  70564.4   115000  1777978611538  1777978613740
read      921.4   418.8   148.8   595.5   648.4   803.6   870.2   942.8  1123.0  1337.5  1465.1  1589.3  1793.2  7158.6 10835.9  71574.0   125000  1777978615245  1777978617445
Warning! Detected max cpu usage > 95%
CPU Usage Stats (avg/min/max): 50.75%,1.51%,100.00%
