Random waveform, supplied seed
Total number of intervals = 270 (6927, 52892, 98921, 61129, 40613, 53226, 38560, 103465, 104758, 94759, 37799, 8296, 69443, 12517, 43591, 20430, 93758, 10485, 16518, 83230, 5484, 55611, 20774, 96726, 32442, 73039, 74055, 51197, 59442, 35654, 78747, 42212, 52488, 36950, 16762, 79473, 61431, 87172, 108181, 80515, 37149, 13444, 72057, 70041, 90162, 52082, 24258, 72013, 58012, 45398, 50177, 34504, 66010, 73937, 55020, 53235, 97743, 5419, 14764, 7451, 48208, 16149, 78989, 18886, 75954, 44409, 16431, 85707, 58253, 103867, 21604, 90401, 84467, 99700, 32052, 18173, 67789, 51929, 83850, 18614, 29315, 108090, 27024, 49907, 9150, 34328, 51881, 14569, 81517, 78694, 93409, 39093, 18729, 70818, 21942, 91810, 39588, 40957, 62645, 15539, 107672, 32954, 58866, 23739, 54701, 60706, 72350, 58661, 34912, 103268, 38703, 83358, 57408, 86837, 33517, 66204, 73758, 99742, 109462, 94453, 44096, 100467, 8576, 59359, 7614, 60329, 43762, 67038, 26095, 71173, 109276, 13150, 61250, 84472, 82226, 27671, 98736, 106314, 105027, 96867, 89493, 50538, 22083, 48618, 94298, 63579, 64573, 77178, 29824, 64495, 20917, 85651, 61935, 50216, 72251, 71798, 19701, 24952, 81838, 26648, 24837, 29420, 103882, 70314, 61679, 49557, 19325, 9128, 94933, 24327, 71896, 93771, 20452, 42338, 72627, 80603, 49049, 92305, 56889, 78036, 71583, 72609, 107382, 86530, 16550, 84534, 72631, 49291, 62175, 80213, 16566, 53985, 101949, 24076, 52574, 106271, 105451, 86087, 29108, 101115, 74326, 75832, 94901, 15809, 28874, 51882, 32653, 41676, 63019, 99164, 47055, 62394, 98519, 32122, 49464, 24034, 77363, 91698, 38997, 86028, 83012, 15024, 56640, 97362, 107412, 65030, 79278, 47544, 105368, 58181, 56960, 14849, 63672, 48289, 11797, 10781, 49362, 102119, 46213, 97025, 18351, 21426, 43013, 67376, 36043, 6255, 102499, 26263, 56974, 40869, 46514, 11431, 58600, 68058, 54502, 64022, 52142, 101375, 40606, 47485, 48977, 38615, 80279, 75843, 67095, 41325, 55752, 85561, 14194, 88002)
Average QPS expected = 57479
Timestamp start: 1778402647479
Timestamp end: 1778403997832

#type       avg     std     min      p5     p10     p50     p67     p75     p80     p85     p90     p95     p99    p999   p9999      QPS   target
read      213.4    70.5    80.4   148.4   159.8   206.0   225.2   235.6   244.8   254.3   268.1   289.8   367.6  1114.9  2288.6   6970.6     6927
read      256.8   166.8    74.4   123.3   137.3   241.8   287.5   310.8   328.0   348.0   374.6   421.1   616.8  2325.1  6777.0  52667.8    52892
read      244.2   109.9    74.4   120.0   133.4   224.4   273.5   301.7   323.4   349.2   382.3   429.8   536.2   936.6  2454.6  98906.4    98921
read      240.6    94.0    74.4   119.7   132.7   230.1   279.3   302.8   319.7   340.5   365.8   399.7   469.0   593.6  1506.4  61069.6    61129
read      241.1    86.3    80.4   127.9   141.7   240.8   277.1   293.6   306.1   319.9   339.6   368.4   426.8   602.6  2132.5  40601.4    40613
read      241.9    96.1    74.4   122.3   136.0   235.4   280.7   301.4   316.7   335.0   357.6   390.1   454.9   586.1  2690.8  53127.0    53226
read      256.6   129.2    74.4   125.8   140.1   245.5   287.2   312.6   332.4   355.2   383.0   425.8   519.2  1522.2  3744.0  38417.4    38560
read      279.6   235.2    74.4   124.5   139.5   240.7   293.1   325.4   350.0   380.2   420.7   493.0  1036.9  3300.2  7552.3 103339.4   103465
read      263.9   131.3    74.4   127.6   142.8   242.9   293.2   323.8   346.4   373.7   407.8   461.5   590.8  1325.3  3193.3 104598.6   104758
read      256.9   120.0    74.4   124.0   138.5   235.8   286.9   318.0   341.5   369.0   402.6   456.2   578.0   993.5  2419.6  95076.4    94759
read      255.7   156.5    74.4   131.8   146.7   247.9   283.7   302.2   316.4   334.2   357.1   393.7   507.1  2174.3  6225.7  37868.8    37799
read      219.5    73.8    86.8   147.6   160.6   212.2   234.4   247.4   255.9   266.9   280.4   307.6   383.5   753.1  3097.7   8246.2     8296
read      298.4   439.7    74.4   119.2   132.6   231.2   283.1   310.5   331.7   357.4   390.6   454.3  2674.2  5806.3  8065.4  69418.2    69443
read      230.7   179.1    93.8   146.3   160.8   215.7   238.0   250.8   260.0   270.2   285.5   314.3   424.5  3054.6  7305.2  12483.4    12517
read      244.4    93.3    74.4   126.2   140.3   240.4   279.3   297.5   312.5   329.8   352.3   388.6   469.4   686.5  1809.6  43645.6    43591
read      261.5    99.8    80.4   137.1   155.3   248.7   289.6   317.4   336.5   358.0   383.9   420.9   504.2   845.1  1860.8  20514.8    20430
read      293.0   383.4    74.4   119.2   132.7   229.5   281.9   312.8   337.0   367.1   406.8   485.4  2347.8  4703.2  7989.7  93625.0    93758
read      225.8    71.5    86.8   145.0   158.9   217.4   243.7   257.8   268.0   280.0   297.0   328.4   397.0   814.5  2185.1  10539.4    10485
read      254.2   105.5    86.8   139.2   157.4   242.7   278.0   302.3   319.9   339.0   362.3   396.2   476.9  1182.2  2929.8  16542.6    16518
read      291.2   366.2    74.4   120.2   134.1   231.3   284.6   315.8   340.3   369.9   406.9   482.1  1868.6  4917.2  7938.4  83274.4    83230
read      210.0    73.1    93.8   149.9   160.1   202.6   220.5   231.2   238.8   248.6   261.1   281.6   361.0   788.7  3144.3   5468.6     5484
read      254.9   119.4    74.4   123.5   137.6   241.2   288.9   313.8   332.2   353.5   381.1   428.6   614.5  1114.8  2530.3  55593.6    55611
read      243.6    90.8    80.4   138.2   155.0   237.0   266.0   281.3   293.7   310.6   333.4   368.6   455.3  1077.8  2746.3  20723.0    20774
read      301.1   399.8    74.4   119.6   133.4   232.7   286.2   318.3   343.6   374.2   417.8   508.5  2430.7  4858.9  8044.4  96623.2    96726
read      245.5    89.0    74.4   128.1   142.4   239.0   274.7   295.7   313.3   333.9   359.2   394.5   464.6   615.1  1448.3  32403.8    32442
read      264.9   169.4    80.4   116.8   129.0   226.5   286.3   324.8   356.0   395.8   451.3   534.2   703.0  2119.7  3739.3  73053.6    73039
read      236.7   101.6    74.4   117.1   129.5   219.9   271.8   297.1   316.9   340.1   368.2   406.5   489.4   653.7  1814.6  74124.0    74055
read      239.5    90.6    80.4   121.7   135.1   233.5   277.2   297.2   312.9   330.6   352.2   385.5   453.5   598.0  1396.1  51284.4    51197
read      241.7   105.7    74.4   120.4   133.4   230.8   279.0   302.6   319.8   340.5   365.4   399.7   471.9   640.3  3118.8  59576.8    59442
read      250.6   102.2    74.4   126.6   140.6   242.2   281.6   305.6   323.8   345.7   372.1   407.9   485.2   703.2  3027.5  35679.0    35654
read      242.5   128.8    74.4   117.1   129.6   219.3   272.2   300.4   321.4   347.5   380.2   429.3   579.7  1119.0  3921.9  78826.8    78747
read      240.2    94.8    74.4   125.5   139.5   237.9   275.4   292.8   305.5   319.7   339.8   369.3   435.1   831.7  2949.6  42282.8    42212
read      238.8    88.1    74.4   121.2   134.4   232.4   277.0   297.4   312.7   330.6   353.1   386.1   452.4   593.4  1243.8  52506.4    52488
read      250.8   102.2    80.4   126.7   140.9   242.7   282.2   305.2   322.7   344.6   370.7   408.2   491.6   789.2  2687.4  36964.6    36950
read      251.8    89.9    80.4   139.2   157.0   240.6   274.7   298.7   316.5   336.2   359.6   393.2   477.2   846.0  2344.9  16701.0    16762
read      294.4   389.7    74.4   119.7   133.5   232.6   286.2   316.2   338.8   365.7   400.4   466.8  2612.5  4884.2  8000.4  79417.4    79473
read      243.5   104.7    74.4   120.8   134.0   231.5   281.4   305.9   323.2   344.1   369.4   404.1   478.0   672.9  3295.5  61588.4    61431
read      246.2   134.6    74.4   119.1   132.1   224.7   276.0   304.3   325.5   350.6   382.0   428.8   553.7  1360.5  3725.8  87266.2    87172
read      247.2   107.0    74.4   122.8   137.2   229.1   277.0   305.0   325.5   350.2   382.0   428.8   535.0   795.1  2200.6 107953.4   108181
read      241.4   105.1    74.4   118.2   131.2   223.8   275.7   302.9   322.7   346.2   374.9   418.0   506.3   716.8  2495.5  80723.2    80515
read      252.4    97.3    80.4   124.6   139.0   245.7   286.8   311.3   329.7   350.8   377.0   417.9   497.9   651.5  1787.4  37283.4    37149
read      231.0    83.3    80.4   141.0   157.4   225.6   252.9   266.5   275.0   289.1   307.2   337.1   398.2   566.7  2175.1  13512.0    13444
read      276.5   340.0    74.4   118.8   131.8   226.0   278.1   305.3   325.7   350.6   383.1   436.5  1736.5  4820.8  7841.8  72031.6    72057
read      238.4    94.8    74.4   118.8   131.5   223.7   274.8   299.9   318.4   340.3   367.1   403.3   481.9   614.8  1496.2  70065.4    70041
read      237.7   102.2    74.4   118.3   130.9   218.4   268.9   295.5   316.5   341.4   371.7   417.1   507.9   724.0  2175.0  90127.2    90162
read      239.3    90.1    74.4   122.0   135.6   234.0   277.2   297.1   312.4   330.0   351.8   384.6   450.2   573.1  2086.6  52165.8    52082
read      241.7    80.5    86.8   134.8   150.6   236.8   267.5   284.5   297.2   315.1   337.6   370.3   435.8   564.9  2153.2  24285.6    24258
read      258.7   196.2    80.4   119.4   132.3   228.4   282.0   313.3   337.6   366.2   401.8   465.3   686.0  2502.8  8354.5  72045.8    72013
read      241.5    97.2    68.9   121.4   134.4   231.3   279.0   302.1   319.2   339.7   364.5   398.8   467.2   622.8  2373.1  58121.0    58012
read      242.2    84.8    74.4   126.0   139.7   240.0   279.2   297.5   311.7   327.8   347.7   378.4   442.1   588.8  1415.6  45354.0    45398
read      243.7    96.1    74.4   124.2   137.9   238.4   281.0   301.5   316.8   335.3   358.2   391.0   458.4   628.7  3038.9  50456.6    50177
read      249.4    89.1    74.4   129.5   143.9   244.7   280.3   301.3   317.9   338.5   363.9   399.8   469.1   580.9  1566.6  34519.2    34504
read      264.4   143.2    74.4   118.7   131.2   233.4   292.4   332.8   365.0   402.5   452.4   522.3   649.1   840.1  2500.2  66141.8    66010
read      248.4   127.5    74.4   119.5   132.2   224.9   277.3   307.5   330.5   357.9   391.6   445.0   597.8  1114.4  2912.0  73828.4    73937
read      243.2    99.0    74.4   122.8   136.3   234.6   280.0   302.6   319.4   339.7   363.9   397.0   465.2   617.6  3312.1  55024.4    55020
read      242.6   110.9    74.4   122.7   136.2   235.1   280.3   302.4   318.2   337.2   360.7   394.0   461.9   599.0  1958.4  53195.6    53235
read      242.8   123.4    74.4   119.5   132.6   220.1   269.8   298.2   320.4   347.1   380.6   428.9   543.2  1237.8  3282.8  97768.8    97743
read      211.5    62.1    93.8   150.2   161.0   203.7   223.0   233.6   242.2   251.9   265.3   287.1   364.6   789.2  2143.0   5394.2     5419
read      251.5    83.8    86.8   143.3   161.4   241.4   273.7   297.0   314.7   333.6   355.7   388.2   458.6   697.6  2235.2  14790.4    14764
read      219.3    64.9    93.8   149.6   161.6   211.8   233.4   246.2   254.7   266.3   280.6   307.7   375.3   806.3  2024.8   7433.6     7451
read      269.8   149.8    80.4   122.5   136.4   246.7   301.3   337.2   363.4   392.7   429.3   487.2   631.4  1573.5  4534.1  48224.4    48208
read      257.9   105.1    86.8   144.5   162.4   244.5   279.4   305.6   323.8   343.2   367.0   400.8   485.5  1171.0  3150.0  16116.8    16149
read      303.5   427.3    74.4   120.4   134.0   232.8   286.5   317.8   342.0   371.1   408.4   484.0  2666.3  5331.3  8038.9  78906.2    78989
read      264.0   121.5    86.8   141.7   160.3   249.5   289.4   317.7   336.9   358.1   383.1   419.7   504.7   926.3  5786.9  18882.8    18886
read      306.9   446.7    74.4   120.2   133.7   233.2   286.6   317.2   341.1   368.7   404.0   480.0  2776.3  5606.0  8040.5  75644.4    75954
read      241.5    91.9    74.4   125.7   139.4   238.7   278.2   296.4   310.6   326.5   346.8   376.4   436.2   585.0  2099.4  44464.6    44409
read      257.8    96.5    86.8   143.1   161.9   245.6   281.6   308.0   326.2   345.6   369.5   402.8   478.8   848.7  2488.5  16441.2    16431
read      277.5   343.7    74.4   118.8   131.7   225.6   277.9   308.9   332.6   360.7   395.6   457.8  1585.7  4931.6  7815.6  85756.0    85707
read      242.7   117.6    74.4   121.0   134.2   231.3   279.1   302.6   319.7   340.0   364.8   399.0   471.1   759.9  3795.8  58118.4    58253
read      242.3   114.7    74.4   120.1   133.4   221.2   269.3   296.7   318.3   344.2   378.0   427.8   541.3  1016.9  3103.3 103993.2   103867
read      239.9    91.9    86.8   140.2   156.2   234.4   262.5   276.2   288.9   304.0   324.9   357.7   423.6   685.5  3890.6  21602.2    21604
read      257.7   202.5    74.4   119.4   132.4   223.6   274.8   305.1   328.3   356.6   393.4   455.5   818.9  2669.9  7021.5  90288.0    90401
read      239.9   113.7    74.4   118.2   130.8   219.9   271.1   298.5   319.8   344.4   375.9   421.5   518.6   759.2  3042.6  84334.0    84467
read      245.8   123.7    80.4   120.5   133.9   223.8   272.6   301.4   323.5   350.3   384.9   434.3   558.8  1147.3  3278.1  99385.0    99700
read      253.5    95.3    80.4   131.6   146.4   246.0   282.4   305.2   323.4   344.9   371.6   409.3   490.5   674.4  2037.1  31963.4    32052
read      266.5   137.3    86.8   141.6   160.9   251.0   293.2   321.5   339.7   360.1   384.4   419.8   503.4  1184.8  5508.6  18300.0    18173
read      279.3   301.4    74.4   121.1   134.4   233.0   285.4   314.9   337.6   364.1   397.9   463.3  1512.2  3955.5  8472.7  67804.6    67789
read      241.7    96.1    74.4   122.3   135.6   235.2   279.7   300.8   316.1   334.7   357.6   390.7   460.3   622.4  2526.4  51952.6    51929
read      237.3   102.9    74.4   117.4   129.8   217.4   269.1   296.4   317.5   342.8   373.1   417.2   511.3   745.9  1771.8  83979.6    83850
read      253.1   127.2    80.4   137.3   154.5   238.3   271.9   294.8   313.4   334.9   360.8   397.8   505.3  1600.1  3836.5  18677.4    18614
read      289.0   148.0    80.4   127.5   145.6   267.5   335.2   366.9   387.8   410.9   439.7   484.2   596.7  1683.9  3200.2  29467.4    29315
read      302.0   352.6    74.4   126.4   141.8   247.0   300.2   333.0   357.8   388.3   431.4   521.9  1852.9  4568.9  7827.4 108183.2   108090
read      245.6    91.7    80.4   132.5   148.6   242.2   273.4   291.3   305.3   322.4   344.0   376.9   440.6   599.9  3158.6  27073.8    27024
read      261.9   124.7    74.4   121.2   135.0   244.5   296.8   330.6   354.9   382.9   416.9   465.9   564.2   976.8  2852.4  49924.6    49907
read      221.8    74.5    86.8   147.4   160.9   214.7   237.7   250.7   259.9   270.0   284.9   311.9   379.1   703.3  3341.9   9151.0     9150
read      307.0   200.4    74.4   124.2   141.8   275.6   352.9   388.5   412.0   439.1   472.4   529.2   803.8  2364.2  6394.9  34276.6    34328
read      259.6   277.3    74.4   121.4   135.1   236.7   281.6   304.3   320.5   341.5   367.5   409.9   618.0  4556.7 10192.9  51897.8    51881
read      244.3   143.8    80.4   140.9   157.9   232.3   262.8   279.2   294.5   313.3   335.7   368.4   449.7  1848.9  5846.9  14612.2    14569
read      289.2   404.9    74.4   118.6   131.8   227.6   280.2   310.2   332.8   360.3   395.4   458.8  2420.6  5506.5  8361.3  81385.6    81517
read      235.8   103.9    74.4   116.6   129.1   217.1   269.0   295.3   315.6   339.3   368.5   409.3   498.7   726.6  2023.9  78682.6    78694
read      237.3   107.0    74.4   117.7   130.2   216.7   266.9   293.8   315.3   340.9   372.5   420.8   520.5   811.0  2238.7  93345.8    93409
read      251.0   108.0    80.4   123.9   137.9   241.2   281.5   305.9   325.0   348.2   377.0   420.1   511.2   963.2  2343.9  39072.8    39093
read      255.4   109.5    80.4   136.4   154.7   242.9   279.8   305.6   323.5   342.9   366.7   399.8   484.0  1261.6  3044.3  18707.6    18729
read      287.1   354.1    74.4   118.4   131.3   228.5   281.6   310.4   332.0   358.2   392.1   457.0  2067.8  4210.9  7982.4  70881.6    70818
read      260.8   104.7    80.4   134.0   152.3   247.5   289.8   318.4   337.7   359.0   384.4   421.9   502.8   823.9  3116.7  21929.6    21942
read      320.2   547.6    74.4   121.4   136.0   239.0   294.7   329.4   355.7   387.0   430.4   521.5  3129.3  7083.9  8662.8  91964.2    91810
read      245.7    99.5    80.4   124.6   138.6   239.3   277.9   298.1   314.4   334.2   360.1   398.4   483.7   713.6  2537.6  39563.2    39588
read      251.8    99.6    74.4   122.3   135.9   241.5   284.3   311.5   333.0   358.0   387.3   429.1   511.3   684.1  1123.2  40963.8    40957
read      262.9   169.4    74.4   116.0   128.3   234.1   291.3   329.0   358.6   393.6   436.7   501.0   632.7  1827.0  4548.8  62497.6    62645
read      246.9   163.4    86.8   138.8   156.1   233.4   265.5   284.5   300.6   319.2   341.7   373.4   462.6  1272.0  7000.7  15594.4    15539
read      299.8   357.6    74.4   123.2   138.3   238.6   291.3   324.0   350.0   383.1   428.7   518.9  2090.8  4368.7  7904.7 107548.4   107672
read      250.0   108.1    80.4   128.5   142.9   242.3   279.1   300.9   318.1   339.4   365.7   401.7   483.3   980.6  3143.0  33214.6    32954
read      260.5   146.1    74.4   116.3   128.6   235.4   291.5   327.7   355.9   389.4   430.4   490.4   612.2  1313.7  4854.3  58923.6    58866
read      240.2    88.6    80.4   134.0   149.4   233.1   264.4   281.1   294.4   312.3   336.1   371.6   454.9   774.9  2724.6  23812.2    23739
read      262.0   153.7    74.4   117.3   129.9   240.1   293.5   328.0   354.7   385.3   423.2   478.3   591.9  1747.8  4541.3  54543.8    54701
read      259.4   126.8    74.4   115.2   127.4   235.2   292.8   330.6   359.0   392.2   434.0   494.8   612.8   925.2  1827.4  60706.2    60706
read      264.8   144.2    74.4   115.1   127.1   227.4   291.4   335.0   369.6   411.3   464.8   541.1   688.5  1068.8  2120.3  72431.2    72350
read      260.8   145.1    74.4   116.9   129.3   236.9   292.6   328.6   356.2   389.0   430.0   490.9   612.4  1086.4  4216.7  58625.6    58661
read      248.4    96.8    74.4   125.5   139.8   240.2   278.8   302.6   321.1   343.1   370.6   406.1   483.3   692.5  2270.8  35192.4    34912
read      272.9   289.7    74.4   122.2   136.3   229.7   279.6   310.5   334.2   363.0   399.4   460.8   933.1  3483.9  7834.1 103086.8   103268
read      250.4   122.9    74.4   124.2   138.3   240.1   280.2   304.7   323.2   345.7   374.5   416.5   501.1   782.2  3750.7  38690.4    38703
read      244.4   139.8    74.4   116.8   129.4   218.3   270.9   299.7   322.3   349.0   382.9   434.4   637.4  1332.2  3916.9  83392.8    83358
read      240.5   104.5    80.4   120.5   133.7   230.7   278.3   301.2   317.9   337.8   362.0   395.1   462.2   588.0  2228.0  57679.6    57408
read      238.5   119.3    74.4   117.3   129.8   217.0   269.1   296.7   318.0   343.1   373.9   419.2   517.8   870.0  3865.4  87039.6    86837
read      250.7    94.3    80.4   128.7   143.0   243.1   280.9   303.9   321.3   343.7   370.2   408.7   489.7   670.6  2152.0  33514.8    33517
read      266.5   160.7    74.4   115.5   127.8   232.7   294.8   336.0   367.2   403.6   452.9   524.3   677.7  1613.2  4217.8  66250.6    66204
read      268.3   176.0    74.4   115.4   127.7   227.6   292.6   337.7   372.4   413.9   467.4   543.4   710.7  1573.6  4860.0  73827.4    73758
read      258.2   207.2    74.4   120.0   133.6   225.2   274.7   304.5   327.1   354.9   391.3   448.7   732.3  2868.5  7201.3  99602.6    99742
read      241.5   113.9    74.4   120.4   133.7   220.0   268.1   295.3   317.0   343.0   376.7   427.2   541.9  1019.2  2749.1 109715.6   109462
read      243.8   129.5    74.4   119.1   132.2   221.3   271.6   299.9   321.6   347.8   381.3   431.1   555.3  1097.0  4393.5  94307.8    94453
read      240.2    93.2    80.4   125.6   139.3   238.1   276.2   294.2   307.7   322.5   343.3   372.5   434.0   573.3  2740.2  44102.0    44096
read      244.5   120.3    74.4   120.0   133.3   222.6   271.7   300.3   322.0   348.2   382.4   433.0   559.5  1033.7  3348.6 100476.6   100467
read      214.1    79.4    86.8   143.4   155.6   205.9   227.9   240.6   249.9   260.8   273.7   299.4   369.0   779.5  3876.2   8591.6     8576
read      251.6   125.8    74.4   119.2   132.6   232.9   283.2   309.3   328.5   351.7   382.7   434.0   637.6  1415.2  2742.8  59024.6    59359
read      213.2   119.1    93.8   144.8   156.5   204.8   225.3   236.9   246.3   256.0   270.0   294.1   366.6   943.6  7201.4   7599.0     7614
read      255.3   130.9    74.4   119.5   132.8   235.6   287.4   314.5   334.7   358.7   389.8   447.4   677.1  1247.9  2504.0  60357.6    60329
read      249.3    87.7    80.4   128.4   142.6   247.3   287.8   308.4   322.9   340.4   361.9   392.1   454.2   587.3  1639.5  43904.2    43762
read      241.4   106.0    74.4   118.8   131.5   226.4   278.4   304.8   323.5   345.7   371.9   408.6   488.4   708.6  2791.3  67087.6    67038
read      242.4    86.5    80.4   131.1   146.9   239.5   270.4   287.4   300.0   317.2   339.0   370.4   434.3   581.2  2768.0  26148.6    26095
read      246.2   114.0    74.4   116.9   129.5   224.3   276.2   306.2   328.7   356.2   391.6   450.0   588.3   833.3  1906.3  71188.4    71173
read      250.7   138.9    74.4   122.9   137.0   227.5   275.2   304.7   326.7   353.4   388.6   442.6   582.0  1377.2  3870.9 109306.0   109276
read      236.6   118.0    86.8   143.1   159.7   226.3   254.7   269.9   282.0   298.1   319.5   350.6   429.8  1267.5  3138.3  13137.2    13150
read      254.4   137.7    74.4   120.1   133.5   234.9   286.0   312.5   331.9   354.7   383.9   432.9   684.9  1446.8  2893.6  61209.2    61250
read      241.7   110.0    74.4   118.2   131.0   221.5   273.4   302.3   323.8   348.4   379.2   423.1   520.0   970.6  2539.2  84516.6    84472
read      240.5   126.9    74.4   118.0   130.7   220.6   272.7   300.7   321.7   346.8   376.7   419.2   509.7   812.6  2985.9  82122.8    82226
read      243.9    85.4    80.4   129.8   145.5   240.8   272.9   291.4   305.8   322.8   344.5   376.4   437.0   582.3  1595.5  27788.8    27671
read      244.8   132.1    74.4   118.6   131.6   219.9   269.9   297.9   320.0   346.4   382.3   436.0   620.3  1238.6  3613.7  98794.0    98736
read      246.9   131.6    74.4   121.1   134.7   223.7   272.2   301.0   322.8   349.2   383.6   435.1   573.6  1463.3  3685.9 106484.6   106314
read      241.4   105.6    74.4   119.8   133.0   220.7   269.1   296.7   318.3   344.4   378.1   428.1   541.0   873.3  2088.3 104718.0   105027
read      242.5   121.2    74.4   118.5   131.5   220.4   270.0   297.9   319.8   346.0   380.0   429.1   549.1  1198.6  3254.3  96629.8    96867
read      236.1   106.0    74.4   116.8   129.3   215.8   266.6   293.4   314.4   339.4   370.5   416.4   515.8   822.2  1952.6  89581.8    89493
read      240.2    90.5    74.4   122.3   136.0   235.1   277.9   297.5   312.4   329.4   350.9   383.1   451.4   596.8  2388.5  50522.4    50538
read      238.7    79.5    86.8   139.1   154.3   233.8   262.9   277.2   289.8   304.9   324.9   356.3   420.2   608.1  2881.1  22061.8    22083
read      268.6   171.7    74.4   123.1   136.9   245.8   297.3   333.0   359.2   388.7   425.1   478.9   611.7  1585.9  7883.3  48486.8    48618
read      257.5   187.3    80.4   121.6   135.4   227.1   277.4   308.5   332.0   360.3   395.2   450.6   690.0  2507.9  6861.4  94379.6    94298
read      246.0    98.2    80.4   122.5   136.1   231.8   282.6   309.4   328.9   351.0   378.2   416.6   499.0   655.8  1256.5  63704.2    63579
read      244.3   107.6    74.4   121.4   134.6   229.4   280.3   307.4   327.0   349.4   376.2   413.9   493.2   647.0  1925.5  64761.0    64573
read      244.9   109.0    74.4   120.0   132.9   224.7   277.1   307.0   329.1   354.7   385.7   429.8   529.1   827.6  2682.7  77474.6    77178
read      250.1    94.9    80.4   131.9   146.9   242.9   277.4   299.0   316.7   337.5   363.1   399.9   471.6   626.0  2426.3  29871.0    29824
read      275.6   163.2    74.4   119.6   132.2   237.5   303.3   348.3   383.0   424.9   477.5   552.7   704.5  1337.1  4372.0  64465.8    64495
read      241.6    91.4    86.8   139.6   155.4   235.9   264.7   279.8   292.8   309.6   331.5   365.2   432.6   705.7  2117.6  21025.8    20917
read      259.8   212.3    74.4   119.1   132.0   224.8   276.2   307.5   331.3   360.3   397.0   461.6   847.8  2701.4  7753.3  85606.2    85651
read      241.0   107.7    74.4   120.2   133.0   228.8   277.5   302.2   319.8   340.9   366.6   401.4   477.3   634.8  1943.4  61813.4    61935
read      242.9    91.1    74.4   123.7   137.4   237.3   280.0   301.1   316.7   335.3   358.0   390.4   460.4   607.8  1731.8  50239.8    50216
read      240.0   116.1    74.4   118.5   131.0   222.1   273.5   300.9   321.2   344.9   374.2   414.7   498.6   671.8  3076.2  72329.8    72251
read      241.6   101.5    74.4   119.2   131.7   224.8   276.1   304.0   324.2   347.5   376.1   417.4   505.4   702.5  1506.4  71688.8    71798
read      240.3    93.8    80.4   141.3   157.4   234.4   262.4   275.9   289.0   304.3   324.7   356.6   423.0   684.9  3838.4  19733.8    19701
read      247.5   102.2    74.4   135.6   151.4   240.5   272.6   292.4   308.1   326.5   349.5   383.6   456.5   655.2  2752.6  25077.0    24952
read      252.7   172.4    74.4   119.2   131.9   223.1   275.2   306.6   330.0   357.8   392.4   448.2   673.0  2157.0  5849.9  81591.8    81838
read      250.2    86.4    80.4   135.0   150.6   244.0   276.8   296.8   313.1   332.5   357.2   392.9   467.1   667.6  2091.8  26623.8    26648
read      246.1    90.6    80.4   136.1   151.1   239.7   271.4   290.6   305.8   324.2   347.5   381.5   446.7   592.2  2915.1  24906.6    24837
read      255.1   110.4    74.4   133.0   148.0   245.8   282.2   306.0   324.2   345.8   371.8   409.3   495.2   781.2  4442.9  29411.2    29420
read      278.3   267.9    74.4   123.1   137.7   234.6   285.9   317.6   342.6   372.5   413.0   484.7  1347.9  3560.8  7632.8 103995.0   103882
read      242.0   112.7    74.4   119.2   131.9   224.9   276.1   303.7   323.5   346.3   374.6   415.5   502.0   733.3  3570.5  70298.4    70314
read      248.4   104.4    74.4   122.8   136.2   234.8   285.4   312.4   332.1   354.5   380.6   418.8   501.3   721.9  2477.5  61797.6    61679
read      243.4   100.7    74.4   123.8   137.4   237.8   280.7   301.6   316.7   334.6   356.5   388.7   457.5   619.4  2737.7  49574.0    49557
read      238.3    86.0    86.8   141.6   157.8   232.8   260.3   274.0   286.2   300.3   320.7   351.9   415.8   640.6  2526.4  19320.2    19325
read      234.0    96.1    93.8   151.7   165.8   225.0   250.3   264.1   273.2   288.0   308.2   339.9   417.3   902.6  3895.1   9170.2     9128
read      293.2   374.4    74.4   121.3   135.2   232.7   287.1   320.3   345.6   375.7   416.5   496.2  2093.8  5061.3  7970.6  94633.6    94933
read      247.2    78.7    86.8   137.2   153.0   241.7   272.7   291.4   306.2   323.9   346.7   382.6   454.9   621.5  1171.4  24322.2    24327
read      246.6   147.6    74.4   118.7   131.1   223.7   275.9   304.7   325.5   349.7   379.9   426.7   569.2  1845.3  4431.7  72047.6    71896
read      245.4   131.4    74.4   120.2   133.2   222.4   272.2   301.7   323.8   350.6   383.6   432.0   550.2  1312.4  4164.5  94018.0    93771
read      238.2    90.0    80.4   139.9   155.6   233.7   261.6   274.7   287.3   301.9   322.3   353.9   417.7   575.2  2248.7  20330.4    20452
read      261.4   120.6    74.4   124.6   138.1   245.8   293.6   325.8   348.7   376.2   408.8   457.5   552.5   763.5  3797.9  42518.0    42338
read      250.3   141.5    74.4   119.1   131.8   224.8   278.2   308.8   331.6   358.5   392.1   448.1   621.1  1568.9  3788.7  72885.8    72627
read      240.1   104.7    74.4   118.5   130.9   219.8   271.4   299.9   321.3   346.6   377.2   422.4   522.2   799.2  1966.1  80563.4    80603
read      243.8   104.8    74.4   124.3   138.0   238.2   281.4   302.5   317.8   336.2   358.3   390.0   455.9   597.4  2049.1  49247.8    49049
read      246.7   131.2    74.4   120.0   133.2   223.6   273.7   303.4   326.0   353.1   386.8   434.4   556.8  1496.8  3448.6  92422.8    92305
read      242.3    97.7    74.4   121.6   134.8   232.7   280.5   304.1   320.7   340.3   364.1   397.6   466.6   604.0  2060.7  56829.0    56889
read      241.9   110.2    74.4   119.0   131.5   221.8   274.2   303.3   324.7   349.2   379.7   422.6   515.6   837.0  2636.7  77929.0    78036
read      240.0    99.4    74.4   119.2   131.6   222.9   274.8   302.4   322.3   345.2   373.0   413.1   495.5   667.7  1576.3  71417.2    71583
read      239.7   128.1    74.4   118.5   131.0   222.3   273.8   300.9   320.8   344.1   372.1   412.3   497.9   691.5  2018.4  72489.4    72609
read      250.2   144.4    74.4   122.3   136.4   226.9   274.2   303.3   325.2   352.2   387.1   439.7   580.3  1494.1  4686.0 107378.8   107382
read      242.5   104.3    74.4   119.2   132.0   222.0   273.1   302.3   324.3   350.3   382.9   428.6   535.6   805.7  1633.5  86659.8    86530
read      260.5    92.4    86.8   143.7   162.3   247.7   285.5   312.4   330.6   350.3   376.9   413.5   495.1   731.0  1913.1  16559.4    16550
read      306.7   429.1    74.4   120.2   133.7   233.7   289.1   321.1   345.6   375.4   417.6   506.9  2719.0  5226.7  7985.5  84659.0    84534
read      239.7   111.0    74.4   118.5   131.0   221.8   273.7   301.4   321.4   344.7   373.1   413.6   495.8   685.1  3120.5  72527.0    72631
read      243.3    91.6    74.4   123.9   137.6   237.0   280.9   302.2   317.5   335.9   358.3   391.1   460.0   652.9  2060.7  49362.2    49291
read      244.2   110.5    74.4   120.7   133.9   230.1   280.6   307.0   325.9   346.6   372.7   409.9   488.2   736.7  2968.2  62221.4    62175
read      239.3   100.2    74.4   118.0   130.3   220.0   272.1   300.5   321.6   346.3   377.4   420.3   508.6   724.0  1155.4  80011.8    80213
read      259.3    97.5    80.4   143.0   161.5   245.7   281.4   307.9   326.9   346.7   372.3   408.4   496.0  1048.4  2825.1  16538.2    16566
read      256.1   141.6    80.4   122.7   136.3   238.1   284.8   309.2   327.1   348.6   377.2   427.4   715.8  1787.4  3264.2  53772.4    53985
read      242.3   117.3    74.4   119.5   132.6   220.9   268.9   296.8   318.9   346.1   379.7   428.9   545.7   970.7  3232.0 102027.8   101949
read      247.1    97.2    80.4   137.6   153.4   239.1   270.4   288.8   303.4   321.2   345.1   381.6   463.3   998.5  2945.4  24137.6    24076
read      269.9   146.2    80.4   121.2   134.4   244.9   302.2   340.0   367.8   400.1   440.8   499.6   626.0  1496.2  3400.4  52287.0    52574
read      268.5   221.3    74.4   124.9   139.4   233.5   284.5   315.7   339.4   368.1   404.3   466.6   742.9  3269.1  7288.0 106462.2   106271
read      258.9   133.7    80.4   126.6   140.9   235.8   286.3   317.1   340.3   367.8   402.0   456.8   592.6  1166.0  3632.4 105589.8   105451
read      239.0   106.8    74.4   117.9   130.3   218.2   269.6   297.8   319.7   345.0   376.8   423.2   519.2   796.2  2196.0  86229.6    86087
read      252.8   118.5    80.4   132.6   147.8   244.7   279.9   302.1   319.1   339.3   364.8   401.0   478.5   699.0  5254.2  29121.4    29108
read      279.7   300.0    74.4   122.5   136.6   232.0   283.6   315.8   340.4   370.8   410.1   481.1  1427.3  3744.0  7963.8 100873.6   101115
read      241.1   104.4    74.4   118.8   131.2   222.5   274.1   302.7   323.3   347.1   376.7   419.4   506.9   767.7  2116.3  74442.0    74326
read      243.1   100.3    74.4   119.9   132.7   224.6   276.1   305.3   326.5   350.6   380.4   424.4   516.1   741.5  1177.7  75954.4    75832
read      248.5   118.5    74.4   121.7   135.3   226.9   276.4   306.7   329.3   356.1   389.7   438.8   556.5  1019.9  3346.4  94979.8    94901
read      259.2   112.3    86.8   144.5   162.7   244.7   279.6   305.5   324.1   344.3   369.9   404.8   495.6  1311.3  3179.7  15752.2    15809
read      304.9   160.5    80.4   132.1   151.9   281.0   353.0   386.5   409.5   436.4   469.0   519.8   638.7  1679.6  4236.8  28957.0    28874
read      256.0   116.9    80.4   123.8   137.8   242.1   289.4   314.4   332.7   354.2   383.2   433.2   626.4  1008.7  2607.6  51931.0    51882
read      258.1   109.8    80.4   131.9   147.0   249.7   288.3   312.9   331.3   352.8   380.0   420.9   504.1   682.0  3401.8  32687.8    32653
read      273.0   116.4    80.4   129.0   143.0   255.8   309.4   342.9   367.8   396.1   430.8   483.4   586.4   781.9  1847.9  41633.2    41676
read      275.7   159.7    74.4   120.5   133.4   240.6   305.2   347.7   380.8   421.3   470.2   543.2   692.6  1316.5  4283.2  63009.2    63019
read      276.1   260.6    80.4   123.1   137.7   236.1   288.9   321.4   346.6   376.9   417.9   486.5   853.8  3474.5  7936.7  99022.4    99164
read      243.1    95.0    74.4   124.7   138.5   238.6   279.4   299.6   314.6   332.4   354.7   387.5   452.3   588.9  2755.1  47090.0    47055
read      249.1   125.6    80.4   122.3   135.7   233.8   283.8   311.3   331.0   353.5   380.9   420.4   506.7   839.0  4069.5  62205.4    62394
read      248.4   122.6    74.4   121.7   135.3   226.3   274.7   304.7   327.0   353.9   388.3   438.5   565.2  1244.0  3386.4  98561.0    98519
read      256.3    99.8    80.4   131.7   146.4   247.4   285.9   310.0   328.4   349.6   377.4   418.4   502.5   762.0  2691.7  32188.4    32122
read      265.6   139.9    80.4   121.7   134.7   243.5   297.5   334.0   360.5   391.3   429.6   485.0   592.1  1095.3  4525.7  49621.6    49464
read      247.1    80.0    86.8   137.8   153.4   241.7   272.5   291.2   305.9   323.1   345.0   379.3   450.7   633.6  1560.9  23869.2    24034
read      247.5   152.1    74.4   119.0   131.7   223.4   275.6   306.2   328.5   354.4   385.9   432.2   566.2  1635.9  5617.9  77392.6    77363
read      241.8   121.6    74.4   119.5   132.2   219.5   270.0   298.9   320.9   346.7   379.3   427.0   536.6   989.4  2943.3  91590.8    91698
read      242.6    83.9    80.4   129.2   143.3   241.6   277.5   294.8   308.0   322.4   342.5   371.2   430.2   558.6  1740.4  39080.4    38997
read      245.1   114.0    74.4   120.3   133.3   223.6   274.6   304.9   327.0   352.6   385.0   432.1   540.1  1019.5  2581.4  85876.6    86028
read      245.5   118.3    74.4   120.5   133.5   224.3   275.4   306.2   328.4   354.5   387.1   432.7   539.9   832.8  2453.7  83239.2    83012
read      258.8   170.1    80.4   145.4   162.9   242.1   273.9   297.6   316.2   337.1   362.1   398.6   506.0  1664.2  7833.9  15087.6    15024
read      253.0   127.8    74.4   122.3   135.9   238.9   287.9   313.9   332.9   354.8   382.5   427.3   576.9   945.8  5051.5  56816.2    56640
read      249.1   122.3    74.4   120.8   134.5   227.2   277.5   307.9   329.9   355.9   388.9   436.7   564.1  1310.5  2965.9  97455.2    97362
read      272.3   177.9    80.4   127.7   142.9   242.9   295.0   326.7   350.0   378.5   415.5   476.4   753.9  2413.5  4671.9 107316.8   107412
read      246.9   102.9    74.4   120.7   133.8   231.6   284.0   311.6   331.2   353.4   381.0   422.9   522.3   709.8  1815.0  65141.6    65030
read      245.7   122.5    74.4   119.3   132.2   225.3   277.3   307.4   329.5   354.7   385.8   430.7   545.6   891.3  2440.3  79245.6    79278
read      246.3   102.1    74.4   125.4   139.4   242.3   284.4   305.2   319.7   337.4   358.9   390.0   455.9   600.2  3580.4  47578.6    47544
read      249.2   112.6    74.4   122.7   137.1   228.7   277.7   307.8   329.7   355.7   388.4   435.9   550.0   967.5  2464.6 105453.4   105368
read      245.0    95.3    74.4   121.9   135.3   235.1   283.9   308.9   326.5   346.4   370.8   404.1   475.6   623.1  1081.8  58280.4    58181
read      246.5   118.0    74.4   121.8   135.4   235.9   284.1   308.8   326.2   346.0   370.3   404.0   486.9   671.2  3620.2  57022.8    56960
read      246.2    81.6    86.8   143.9   161.6   235.9   266.8   286.0   302.1   319.9   342.8   376.2   460.4   844.0  2080.1  14937.2    14849
read      278.8   298.9    74.4   120.2   133.6   232.7   285.2   313.6   335.3   360.7   392.8   462.0  1428.1  4146.1  7825.0  63848.2    63672
read      242.3   102.8    74.4   123.5   137.4   236.8   279.7   300.5   315.3   332.8   354.1   385.3   449.0   584.7  3159.3  48258.2    48289
read      234.6    91.9    86.8   144.6   160.7   225.5   254.0   268.9   280.3   296.1   317.2   346.8   416.2   797.5  3512.8  11842.4    11797
read      233.7   126.3    86.8   145.0   160.5   222.7   250.1   264.5   273.9   289.4   309.7   339.9   415.5  1234.7  4676.3  10827.6    10781
read      265.2   187.2    74.4   122.3   136.2   243.1   290.7   318.2   339.6   365.1   399.1   460.3   665.4  2490.8  7003.1  49099.6    49362
read      241.6    99.0    68.9   120.3   133.8   222.7   271.3   299.1   320.6   346.1   378.8   425.9   515.9   683.1  1315.4 102084.2   102119
read      242.3    96.7    74.4   125.2   139.2   239.5   280.0   298.4   312.6   329.0   349.1   379.2   435.3   564.9  3226.1  46304.8    46213
read      240.2   103.1    74.4   119.3   132.4   221.1   270.5   298.2   319.3   344.4   376.5   422.6   509.8   672.9  1976.8  97181.0    97025
read      225.8    87.4    80.4   142.3   157.7   223.4   246.4   258.0   266.2   274.4   287.8   307.9   362.2   625.9  3446.1  18345.6    18351
read      228.7    60.2    80.4   140.5   155.9   228.8   253.4   265.2   272.6   282.8   294.6   316.3   369.1   511.3  1392.1  21470.4    21426
read      242.4    86.4    74.4   126.9   141.1   241.0   279.0   296.5   310.2   325.2   344.5   373.3   432.1   553.0  2430.6  43071.8    43013
read      240.2    99.3    74.4   119.0   131.9   225.9   276.7   302.4   321.0   343.1   369.7   405.7   475.7   607.7  2263.0  67223.4    67376
read      241.5    95.4    80.4   130.1   144.8   242.9   275.6   291.4   302.7   316.2   334.4   361.6   417.4   537.0  2381.0  35944.2    36043
read      205.9   107.2    86.8   147.9   157.9   198.2   214.1   223.4   230.4   238.3   250.5   270.5   335.0  1470.6  4273.7   6278.2     6255
read      253.1   106.4    74.4   125.3   139.7   234.2   283.8   313.8   335.9   362.5   395.7   443.6   541.4   686.9  1940.3 102237.8   102499
read      235.7   114.3    80.4   136.5   152.0   236.0   263.5   275.8   285.6   295.5   311.1   334.8   384.9   522.1  6909.5  26265.2    26263
read      242.6    98.8    74.4   121.3   134.9   233.6   280.3   303.1   319.3   339.1   363.5   398.3   465.9   635.6  2286.9  57084.8    56974
read      243.0    82.0    74.4   127.8   142.2   242.6   279.3   296.3   309.6   324.0   343.6   373.2   431.8   558.7  1236.6  40986.8    40869
read      244.4   112.9    74.4   125.0   139.1   240.8   280.9   300.3   314.8   332.2   354.1   386.2   449.2   584.9  4187.6  46575.4    46514
read      217.0    63.1    86.8   149.3   162.8   212.7   231.5   242.5   250.3   259.5   270.8   290.8   345.1   574.6  2483.7  11455.4    11431
read      241.1   103.2    74.4   120.4   133.7   231.4   279.0   301.8   318.4   338.1   362.6   396.8   462.8   607.5  3678.5  58621.6    58600
read      240.9    97.0    74.4   119.4   132.4   226.8   277.8   304.1   322.8   344.9   371.7   408.7   478.5   586.3   824.3  68095.4    68058
read      240.7   100.0    74.4   121.5   135.2   233.4   279.0   300.2   316.0   334.2   356.6   389.7   451.5   580.0  2836.4  54465.0    54502
read      240.7    93.8    74.4   119.4   132.4   228.3   278.6   303.9   321.8   343.2   368.7   403.0   470.1   582.3  1352.5  63970.8    64022
read      241.9   120.8    68.9   122.4   136.1   234.8   279.3   300.1   315.6   333.7   356.0   388.6   451.6   602.7  2656.4  52235.4    52142
read      239.8   102.5    74.4   119.5   132.7   221.2   269.7   296.8   318.2   343.2   374.9   423.0   509.8   644.0  1125.6 101431.6   101375
read      239.2    93.0    74.4   126.6   141.1   238.3   274.7   291.7   303.8   317.8   337.1   365.4   420.9   533.2  2738.6  40632.2    40606
read      243.4   113.9    74.4   124.5   138.6   239.4   280.7   300.3   314.9   331.9   352.5   383.5   444.2   577.5  3962.1  47452.0    47485
read      242.5    92.2    74.4   123.6   137.5   238.3   280.7   300.9   315.7   333.0   354.2   385.8   445.6   586.3  1949.2  48966.8    48977
read      241.2    80.5    80.4   128.8   143.1   241.7   276.7   293.1   305.5   319.3   338.5   366.4   423.2   533.3  1398.6  38662.2    38615
read      237.9   102.0    74.4   117.5   130.2   219.7   271.4   298.6   319.2   343.2   372.5   413.9   494.3   645.8  2123.9  80106.4    80279
read      237.2    99.2    68.9   117.6   130.3   220.2   271.9   298.5   318.5   341.7   370.3   408.7   483.0   595.5  1763.9  75974.2    75843
read      240.9   118.2    74.4   119.0   131.8   226.3   276.9   302.6   321.1   342.9   369.4   405.1   478.7   627.8  3920.6  67025.2    67095
read      241.7    86.3    74.4   127.8   141.9   240.6   277.7   294.8   308.0   322.3   342.2   371.0   429.4   542.0  1994.1  41397.2    41325
read      240.9    93.7    74.4   121.0   134.6   232.5   279.1   301.3   317.5   337.2   361.0   393.7   457.3   580.5  1962.0  55912.8    55752
read      239.4    98.9    74.4   118.6   131.6   221.0   272.1   300.3   321.0   345.8   376.3   418.4   499.8   623.3   927.4  85662.0    85561
read      226.0    59.7    86.8   152.8   167.4   223.3   243.7   254.2   262.5   271.0   283.0   301.2   357.4   560.4  1930.1  14243.0    14194
read      240.6   103.4    68.9   119.3   132.5   221.5   272.3   300.7   321.8   346.8   377.8   421.8   505.0   651.0  1559.2  87856.2    88002

Total QPS = 57491.3 (77613208 / 1350.0s)

Total connections = 64
Misses = 0 (0.0%)
Skipped TXs = 0 (0.0%)

RX 19170462376 bytes :   13.5 MB/s
TX          0 bytes :    0.0 MB/s
Warning! Detected max cpu usage > 95%
CPU Usage Stats (avg/min/max): 99.85%,2.01%,100.00%
