#type       avg     std     min      p5     p10     p50     p67     p75     p80     p85     p90     p95     p99    p999   p9999      QPS   target       ts_start         ts_end
read      229.6    91.4   109.4   157.6   169.9   221.6   243.4   255.9   266.2   277.1   294.0   320.2   390.4   681.5  2036.4   5014.5     5000  1777927742385  1777927744642
read      276.6    75.9    93.8   157.5   176.8   274.9   309.7   327.8   340.8   356.9   376.0   405.0   466.9   551.0   693.7  14939.5    15000  1777927746146  1777927748383
read      300.6   103.7    86.8   151.6   169.7   300.9   347.8   370.8   387.1   404.0   427.5   460.6   531.3   669.3  2572.4  24838.5    25000  1777927749887  1777927752090
read      304.5   115.0    80.4   147.4   164.4   295.9   356.3   386.0   405.2   427.8   455.8   497.7   579.3   745.4  1961.2  35010.0    35000  1777927753594  1777927755795
read      307.5   127.1    80.4   143.3   161.4   290.9   359.0   393.8   417.8   444.7   476.2   525.8   615.3   730.5  1957.7  45246.0    45000  1777927757298  1777927759497
read      310.6   138.1    74.4   143.6   162.4   288.2   359.1   397.5   424.3   454.5   491.7   543.3   637.4   777.0  1792.2  55065.5    55000  1777927761001  1777927763203
read      322.3   133.8    80.4   147.8   168.3   300.9   367.9   407.0   436.0   468.5   508.2   565.1   677.8   829.2  1093.5  65117.5    65000  1777927764708  1777927766906
read      796.9   371.1    86.8   381.8   524.5   727.2   787.3   829.9   873.1  1120.7  1310.0  1447.5  1612.4  6988.1  7532.0  75240.0    75000  1777927768410  1777927770607
read      858.4   371.7   148.8   611.1   648.6   757.6   800.0   836.2   867.1  1202.1  1401.0  1502.6  1654.7  7102.8  9076.9  76287.5    85000  1777927772111  1777927774309
read      902.7   392.9   109.4   647.6   681.4   789.3   837.0   865.2   913.3  1337.9  1474.8  1572.5  1717.4  7048.6  7956.1  72769.5    95000  1777927775813  1777927778014
read      791.6   348.5   160.7   546.1   572.2   680.0   733.4   786.9  1002.6  1201.7  1278.5  1359.8  1486.8  6174.2  8997.5  82894.3   105000  1777927779518  1777927781717
read      879.6   392.5   137.8   626.3   656.3   766.3   810.2   852.9   901.7  1301.3  1426.0  1526.3  1683.4  7165.6  7938.8  74912.0   115000  1777927783221  1777927785421
read      871.0   376.5   127.6   621.2   652.5   756.3   798.8   838.2   882.6  1312.3  1421.9  1506.8  1620.2  7050.4  8979.3  75594.5   125000  1777927786925  1777927789124
Warning! Detected max cpu usage > 95%
CPU Usage Stats (avg/min/max): 51.75%,3.50%,100.00%
