#type       avg     std     min      p5     p10     p50     p67     p75     p80     p85     p90     p95     p99    p999   p9999     QPS   target
read      538.9   717.2   118.1   196.4   220.3   311.1   368.8   432.1   560.2   889.3  1034.5  1872.1  2632.2  7992.7  9619.3   5006.0     5000
read     1823.5  3021.1   109.4   216.9   259.2   462.8  1068.7  1859.1  2099.8  3784.1  5524.7  8429.7 14896.9 23210.7 28325.7  10021.2    10000
read     1554.0  1853.9   101.3   217.6   274.5   705.6  1385.3  1985.4  2554.0  3614.9  3995.1  5362.5  8081.7 12351.4 16091.6  15041.6    15000
read     4658.7  2358.6   137.8  1565.2  2415.0  3968.4  4401.5  5106.0  6191.9  6970.5  7725.4  8576.6 14408.9 18585.0 25452.0  15425.4    20000
read     5675.1  3055.6   275.4  2216.2  3538.1  4453.4  6171.6  7065.5  7621.0  8048.3  8965.8 11468.4 16253.3 25665.3 32831.8  13054.2    25000
read     4997.7  2227.9   202.4  1771.1  3499.8  4223.7  4907.2  6084.8  6671.3  7264.1  7862.1  8756.3 13995.6 18344.6 25092.6  14631.6    30000
read     4963.1  2629.0   173.5  1696.2  3380.8  4022.4  4589.1  5796.3  6638.5  7469.9  8010.2  9587.7 15472.8 24073.2 31979.1  14787.7    35000
read     4236.5  1579.2   173.5  1679.7  3261.9  3910.3  4104.2  4309.1  4563.1  5649.3  6418.3  7711.6  9072.3 15096.8 17083.9  16998.6    40000
read     4397.8  1765.5   173.5  1693.8  3360.9  3954.7  4216.9  4407.6  4962.6  6089.4  6898.2  7910.7 10020.4 16006.1 21140.1  16428.2    45000
read     4984.1  2380.3   202.4  1690.5  3367.8  4154.1  4854.9  6083.0  6750.9  7394.3  7929.3  9031.8 15110.2 18858.4 24105.6  14749.4    50000
read     6525.4  4951.5   202.4  1663.1  3314.5  4135.4  6446.4  8067.4  9406.3 10917.7 13728.0 16627.4 25023.1 32971.8 40750.2  11892.8    55000
read     4436.2  1749.0   137.8  1714.9  3398.6  3982.8  4267.6  4549.7  5082.1  6128.1  6905.0  7879.3  9872.4 16085.8 18788.3  16307.6    60000
read     4410.5  1806.0   255.0  1665.0  3303.6  3946.4  4234.3  4532.9  5154.6  6146.5  7051.2  7932.2 10037.8 16057.3 20183.8  16466.2    65000
read     5012.0  2370.6   187.4  1790.8  3511.8  4178.0  4763.2  6041.1  6649.9  7288.1  7888.3  8990.4 14836.6 22902.9 30319.8  14639.8    70000
read     4590.9  1989.8   202.4  1653.0  3317.8  4012.7  4376.6  4910.6  5845.8  6633.4  7460.6  8080.8 11418.7 16193.5 20007.2  15862.0    75000
read     4542.6  1959.2   160.7  1691.9  3358.1  3983.2  4300.8  4700.0  5558.3  6365.6  7357.4  8036.1 11781.1 16486.7 24601.4  16003.4    80000
Warning! Detected max cpu usage > 95%
CPU Usage Stats (avg/min/max): 66.83%,0.50%,100.00%