#type       avg     std     min      p5     p10     p50     p67     p75     p80     p85     p90     p95     p99    p999   p9999     QPS   target
read      469.5   627.3   109.4   184.5   204.7   289.3   328.7   363.6   403.5   818.9   936.4  1795.6  2031.5  7832.1  9047.1   5078.8     5000
read      583.7   696.8   109.4   187.4   219.1   338.8   408.3   502.6   888.9  1010.0  1255.5  1936.4  2409.9  7927.6  9681.8  10017.0    10000
read      751.1   839.8   109.4   193.1   235.8   417.5   630.0   959.1  1100.3  1328.8  1900.8  2050.4  3712.5  8014.8 10066.3  14949.4    15000
read     4024.3  1773.3   127.6  1391.7  1674.1  3839.5  4033.7  4227.2  4393.2  5356.9  6365.3  7711.8  9190.2 15616.9 19048.7  17250.8    20000
read     4149.2  1622.3   187.4  1603.3  1944.3  3850.8  4043.5  4246.4  4426.8  5551.9  6368.7  7720.1  9180.5 15095.3 16217.3  17378.2    25000
read     4069.3  1555.6   148.8  1609.2  1858.1  3832.3  4006.4  4132.1  4316.7  4974.4  6153.0  7664.1  8844.4 14238.2 16148.8  17682.6    30000
read     4163.3  1611.8   236.1  1618.6  2761.2  3859.7  4050.8  4262.0  4468.6  5476.3  6376.0  7731.3  9114.2 14836.7 16994.4  17323.4    35000
read     4016.8  1559.0   187.4  1550.7  1741.6  3792.8  3991.8  4116.7  4307.1  4915.3  6075.9  7646.1  8666.7 12839.7 16154.6  17945.6    40000
read     4549.6  2082.9   236.1  1708.9  3386.5  3979.4  4278.4  4618.9  5531.8  6319.4  7270.7  8019.1 12437.4 22140.9 35133.1  15980.2    45000
read     4901.6  2440.5   218.6  1676.9  3354.2  4059.5  4652.7  5740.0  6517.0  7245.3  7890.5  9122.9 15275.4 20786.9 25755.9  14960.8    50000
read     4335.4  1685.3   218.6  1681.3  3299.1  3939.9  4182.6  4377.1  4776.2  5966.6  6771.0  7825.5  9587.3 15586.5 18212.5  16707.4    55000
read     4733.9  2065.2   187.4  1712.9  3392.8  4051.5  4521.3  5349.1  6215.7  6854.9  7621.8  8267.0 12239.0 16276.0 23159.3  15374.4    60000
read     4139.2  1687.5   218.6  1547.8  1778.6  3828.0  4049.4  4285.8  4584.6  5544.5  6520.9  7751.1  9271.2 15383.4 16546.6  17452.0    65000
read     5085.8  2700.7   202.4  1680.3  3371.0  4133.7  4831.2  6154.6  6798.6  7488.0  8024.2  9593.2 15895.2 24647.7 30345.9  14466.4    70000
read     4244.2  1660.8   137.8  1638.0  3236.4  3899.6  4094.3  4314.1  4609.6  5717.4  6513.4  7766.8  9349.5 15578.8 18271.3  17014.4    75000
read     4899.1  2499.0   173.5  1702.6  3337.6  4029.4  4615.9  5705.7  6447.2  7212.3  7872.7  9193.3 15372.5 23182.0 29020.6  14981.2    80000
Warning! Detected max cpu usage > 95%
CPU Usage Stats (avg/min/max): 66.56%,1.50%,100.00%