#type       avg     std     min      p5     p10     p50     p67     p75     p80     p85     p90     p95     p99    p999   p9999     QPS   target
read      517.0   681.8   109.4   194.2   219.1   308.6   359.1   409.9   503.5   862.3   986.8  1826.8  2392.5  7949.0  8684.5   4974.6     5000
read      707.7   876.6   109.4   197.5   237.3   373.4   508.0   870.6   987.8  1166.6  1806.9  2016.1  4443.9  8053.1 10664.3   9994.4    10000
read     1960.6  2495.7   101.3   225.4   279.5   911.4  1891.1  2681.8  3579.7  4070.3  4937.3  7405.0 10911.3 17166.7 30712.9  14525.8    15000
read     5292.4  2600.4   127.6  1865.2  3517.9  4309.3  5354.7  6587.8  7129.4  7710.0  8261.3  9904.1 15465.0 20763.8 25576.6  13877.0    20000
read     4521.6  2066.5   137.8  1670.9  3313.9  3971.8  4275.8  4630.5  5453.7  6303.3  7347.4  8070.0 12325.6 20324.6 28999.1  16003.0    25000
read     4622.0  1977.4   160.7  1688.5  3385.5  4021.2  4374.8  4930.1  5902.8  6639.0  7556.0  8126.5 10974.9 16229.3 19386.8  15686.8    30000
read     4741.1  2169.7   202.4  1788.7  3500.5  4066.7  4428.2  4996.6  6013.0  6648.0  7546.3  8208.2 14031.9 22782.7 31366.6  15376.6    35000
read     5065.2  2579.6   173.5  1776.9  3499.6  4099.3  4722.2  6040.7  6726.7  7521.5  8033.7  9559.6 15584.8 24045.7 29052.2  14481.4    40000
read     4427.9  1975.5   202.4  1566.1  2785.3  3942.7  4272.5  4652.6  5388.2  6350.4  7262.7  8016.2 11146.8 16188.4 24289.6  16392.5    45000
read     4302.2  1635.3   173.5  1683.2  3295.7  3935.1  4167.6  4364.4  4724.4  5800.0  6630.2  7781.4  9277.2 15359.7 16472.3  16758.0    50000
read     4386.2  1850.1   187.4  1631.9  3263.9  3945.9  4220.9  4456.8  4976.2  6042.6  6986.3  7933.9 10365.4 16119.3 25189.3  16507.8    55000
read     4395.5  2013.7   127.6  1638.2  3235.6  3909.8  4152.7  4390.0  5001.7  6079.2  7104.1  7971.4 11560.1 18870.6 30410.5  16528.4    60000
read     4085.3  1557.0   160.7  1608.3  1867.6  3836.2  4018.0  4173.2  4342.9  5113.5  6231.8  7653.4  8760.7 14023.3 16744.5  17627.8    65000
read     4814.9  2328.5   202.4  1684.4  3369.3  4029.7  4536.2  5554.4  6331.6  7102.5  7797.4  8755.8 14679.9 19328.2 26696.7  15199.0    70000
read     5637.7  3390.8   202.4  1810.9  3507.2  4325.1  5997.3  7066.6  7598.9  7983.4  8809.5 11636.4 17791.3 31651.1 49538.8  13253.4    75000
read     4534.7  1930.0   187.4  1680.7  3325.9  3983.2  4309.3  4726.2  5631.0  6440.8  7387.4  8049.2 10788.9 16376.8 23011.3  16043.2    80000
Warning! Detected max cpu usage > 95%
CPU Usage Stats (avg/min/max): 66.26%,1.00%,100.00%