#type       avg     std     min      p5     p10     p50     p67     p75     p80     p85     p90     p95     p99    p999   p9999     QPS   target
read      363.1   142.7   127.6   238.3   264.7   350.9   385.1   404.2   421.3   439.4   464.9   508.3   621.0  1892.7  6109.7   4937.0     5000
read      417.4   185.1   118.1   222.3   274.0   397.1   445.7   470.4   492.8   519.1   555.2   626.1   980.5  2205.3  7168.8   9949.2    10000
read      417.6   168.3   101.3   203.9   248.5   402.9   456.0   485.6   507.3   536.3   574.9   638.9   930.5  1642.0  4301.2  14949.8    15000
read     1684.6  1800.4   109.4   242.0   309.0   669.5  2207.3  2629.7  2922.7  3305.8  3916.8  5088.6  7954.1 12323.3 16153.2  19963.6    20000
read     2877.7  1391.1   101.3  1552.8  1886.3  2608.3  2910.3  3117.8  3293.6  3562.9  4009.5  5607.5  8029.5 10738.5 15903.6  23909.2    25000
read     3133.0  1416.2   127.6  1857.1  2083.0  2817.5  3148.0  3381.1  3592.5  3893.4  4388.4  6316.0  8074.7 11721.2 16014.8  22596.2    30000
read     3611.3  1751.6   321.2  2058.4  2227.8  3013.0  3525.8  3999.1  4431.1  5030.2  5960.7  7648.7  9410.2 15842.4 18620.1  20068.4    35000
read     2749.1  1165.0   218.6  1797.7  1946.3  2512.4  2724.4  2856.2  2953.6  3098.4  3336.3  4669.9  7979.7  9847.3 13102.8  26018.6    40000
read     6217.6  3242.0   187.4  2008.4  2249.8  6441.2  7436.0  7881.9  8205.4  8835.4  9614.2 11401.5 16097.2 20289.2 25487.2  12161.0    45000
read     2960.5  1239.5   236.1  1905.9  2060.1  2673.7  2934.7  3100.3  3219.0  3426.6  3787.3  5458.7  8009.2 10158.1 15631.2  24148.2    50000
read     2876.8  1242.5   218.6  1811.4  1970.6  2585.7  2866.5  3036.3  3171.8  3372.8  3752.9  5133.5  8001.0 10028.2 14612.6  24919.4    55000
read     3122.0  1405.0   160.7  1964.3  2115.0  2750.1  3048.5  3240.1  3427.5  3708.9  4365.0  6422.3  8109.7 12665.8 17704.5  23056.4    60000
read     2807.2  1227.2   509.7  1855.7  1989.2  2530.9  2753.2  2910.5  3029.2  3200.7  3480.8  4824.6  8005.4 12740.6 16422.3  25532.6    65000
read     2863.2  1211.2   297.4  1886.9  2028.8  2587.0  2820.8  2969.9  3106.2  3279.4  3630.4  4984.2  7998.2 10126.2 15911.7  24974.6    70000
read     2932.4  1232.7   275.4  1893.0  2041.1  2639.0  2905.8  3077.6  3211.9  3429.1  3853.3  5126.2  8014.8 10142.9 14034.4  24471.6    75000
read     2709.5  1253.4   236.1  1627.8  1787.1  2435.2  2701.5  2872.0  2999.8  3202.9  3601.3  4800.8  8008.8 10360.9 15445.8  26416.4    80000
Warning! Detected max cpu usage > 95%
CPU Usage Stats (avg/min/max): 66.36%,0.50%,100.00%