#type       avg     std     min      p5     p10     p50     p67     p75     p80     p85     p90     p95     p99    p999   p9999     QPS   target
read      412.0   370.5   118.1   244.2   272.8   365.2   403.4   430.7   451.4   475.2   512.8   593.5  1415.4  7075.8  8060.5   4954.8     5000
read      413.4   167.0   101.3   222.2   272.5   396.0   444.6   470.2   492.3   518.0   555.3   624.7   906.9  1706.5  6725.8   9952.0    10000
read      468.7   322.5   101.3   207.4   258.2   428.8   486.9   522.1   547.6   582.7   635.5   745.0  1606.1  4005.7  8085.0  15030.2    15000
read     1482.3  1704.0   101.3   229.5   295.7   558.8  1585.9  2477.2  2807.0  3181.0  3685.0  4671.6  7879.6 10746.4 15898.4  19872.0    20000
read      927.6  1074.8   101.3   214.0   266.3   505.6   658.5   900.6  1383.7  1963.4  2373.1  2917.1  5091.2  8100.8 10057.1  24962.8    25000
read     2989.0  1273.0   202.4  1908.9  2065.4  2691.0  2962.1  3141.4  3283.9  3501.2  3947.9  5437.2  8020.5 10124.3 19738.5  23995.2    30000
read     3457.5  1728.5   160.7  2027.7  2208.7  2971.3  3365.4  3676.8  3980.2  4431.9  5263.5  7567.5  9461.5 17057.5 26626.3  20872.4    35000
read     2916.1  1228.2   160.7  1882.2  2031.2  2632.0  2892.1  3054.4  3190.7  3401.5  3751.4  5223.0  8010.9  9919.8 12601.8  24565.4    40000
read     2905.4  1382.7   255.0  1850.1  1996.5  2573.5  2817.1  2968.1  3104.7  3278.6  3686.5  5872.6  8107.4 13896.1 17752.1  24717.8    45000
read     3066.2  1304.2   321.2  1939.0  2093.6  2747.3  3044.3  3226.7  3403.1  3647.2  4106.7  5710.3  8042.5 10208.8 17331.1  23479.4    50000
read     3308.2  1562.8   148.8  1946.6  2122.1  2855.3  3221.2  3494.8  3771.8  4256.1  5008.4  7178.2  8569.6 14866.6 18544.9  21693.2    55000
read     2888.8  1262.5   275.4  1830.8  1979.7  2586.8  2849.4  3009.6  3158.9  3373.3  3803.3  5271.1  8021.0 10142.6 15301.2  24864.0    60000
read     2833.7  1178.5   297.4  1894.2  2032.2  2576.5  2791.8  2936.0  3049.4  3202.0  3469.7  4842.1  7985.0  9725.1 14642.4  25302.4    65000
read     2814.2  1195.9   255.0  1809.6  1960.9  2551.3  2780.0  2936.5  3060.1  3218.8  3521.8  4885.3  7991.5  9883.7 12632.3  25483.7    70000
read     2737.9  1220.7   255.0  1780.0  1919.8  2460.9  2685.0  2821.6  2937.9  3105.9  3430.8  4874.2  7999.5 10014.3 15050.0  26241.6    75000
read     3033.5  1526.0   346.9  1877.1  2018.6  2624.3  2911.8  3120.7  3307.2  3601.5  4282.1  6817.0  8808.3 15378.9 24218.5  23756.0    80000
Warning! Detected max cpu usage > 95%
CPU Usage Stats (avg/min/max): 65.86%,1.50%,100.00%