#type       avg     std     min      p5     p10     p50     p67     p75     p80     p85     p90     p95     p99    p999   p9999     QPS   target
read      456.4   370.5   127.6   257.1   289.2   402.6   456.3   488.6   515.9   549.5   606.1   725.0  1455.5  7252.7  9428.8   4920.8     5000
read      643.7   836.2   118.1   241.1   298.9   448.9   521.0   575.3   626.0   709.0   922.8  1645.5  4806.1  8648.0 12209.5   9906.0    10000
read      554.6   628.8   101.3   210.9   265.3   441.0   505.0   545.7   581.6   631.0   727.2  1185.6  3389.9  7845.3 14800.9  14946.8    15000
read     1177.8  1447.7   109.4   224.8   284.1   518.4   697.3  1374.0  2143.6  2681.0  3206.5  3982.2  7607.7  9718.2 12682.0  19955.4    20000
read     2728.9  1362.9   118.1   559.2  1654.6  2569.9  2853.7  3020.6  3173.0  3394.9  3791.8  4951.7  7994.3  9957.1 13503.8  24341.6    25000
read     3017.6  1341.2   137.8  1828.3  2015.8  2691.3  2981.0  3180.7  3369.7  3687.4  4308.2  5904.2  8030.7 10080.8 14600.5  23656.2    30000
read     2919.9  1295.2   173.5  1784.4  1947.2  2588.8  2898.8  3112.9  3299.2  3593.2  4045.1  5354.5  8034.1 10200.3 14613.4  24475.2    35000
read     3037.6  1350.2   218.6  1902.7  2058.0  2694.7  2987.9  3190.9  3373.8  3650.7  4204.4  5780.9  8049.5 12339.2 23439.2  23693.0    40000
read     2899.8  1253.4   346.9  1809.2  1963.6  2598.8  2885.0  3059.3  3200.6  3439.0  3897.0  5257.0  8010.7  9965.2 14319.2  24693.8    45000
read     2847.6  1190.3   187.4  1904.5  2044.6  2583.3  2804.0  2946.2  3062.7  3209.3  3485.0  4906.9  7999.5 10102.9 12894.3  25212.0    50000
read     2984.2  1300.0   236.1  1869.5  2022.8  2661.2  2940.4  3131.7  3290.6  3534.0  4056.7  5588.9  8035.9 10687.7 15604.7  24088.2    55000
read     2984.7  1364.2   321.2  1800.5  1961.1  2609.0  2917.4  3142.2  3367.4  3725.3  4327.6  5937.5  8054.7 11024.0 15818.2  24000.8    60000
read     2909.3  1261.3   202.4  1809.2  1960.9  2600.1  2890.3  3075.8  3222.6  3470.1  3967.0  5298.7  8011.6  9970.6 14704.6  24583.8    65000
read     2780.5  1227.0   236.1  1758.6  1907.6  2510.0  2756.2  2919.9  3047.8  3222.9  3605.7  4797.3  8006.0 10145.8 16572.2  25823.8    70000
read     2945.6  1262.8   160.7  1863.8  2016.1  2640.2  2913.1  3092.6  3229.3  3469.8  3950.5  5417.4  8013.5  9979.3 15450.7  24319.8    75000
read     2915.7  1223.9   173.5  1876.6  2028.3  2640.0  2905.0  3069.1  3197.2  3398.3  3748.3  5096.8  7998.0  9924.8 14604.0  24610.0    80000
Warning! Detected max cpu usage > 95%
CPU Usage Stats (avg/min/max): 65.56%,0.00%,100.00%