#type       avg     std     min      p5     p10     p50     p67     p75     p80     p85     p90     p95     p99    p999   p9999      QPS   target       ts_start         ts_end
read      257.3    68.7   109.4   171.8   186.6   252.3   277.1   291.0   300.7   313.4   329.8   357.6   426.2   643.0  2566.5   4983.0     5000  1777978689990  1777978692250
read      294.4   135.5    93.8   163.1   184.4   289.9   323.5   342.3   356.1   371.1   392.6   425.5   506.4  1613.3  4395.9  15044.5    15000  1777978693755  1777978695993
read      304.5   105.4    86.8   152.2   171.4   303.1   348.7   372.1   389.3   407.9   432.4   469.3   552.2   828.2  1742.3  25151.4    25000  1777978697497  1777978699698
read      313.6   134.7    86.8   144.4   163.9   300.7   359.3   390.3   411.6   435.9   467.3   521.5   681.9  1115.1  2773.0  34913.5    35000  1777978701202  1777978703401
read      324.3   137.6    80.4   144.1   162.2   306.5   375.3   413.2   438.7   467.9   504.9   563.1   720.9   991.9  1310.3  44790.5    45000  1777978704906  1777978707105
read      351.6   190.2    86.8   145.2   163.7   312.9   397.6   449.6   485.8   527.8   582.7   677.8   898.0  1400.3  4294.7  55219.0    55000  1777978708609  1777978710810
read      437.4   335.2    86.8   153.5   175.7   335.4   448.3   536.9   607.1   696.8   811.5  1031.3  1691.5  2918.4  7647.1  64892.5    65000  1777978712314  1777978714518
read     1019.4  1233.8    93.8   269.3   304.5   505.4   665.4   764.5   886.0  2918.8  3405.2  3661.0  4310.1  8075.6 10224.8  65565.9    75000  1777978716023  1777978718225
read     1029.1  1259.0   109.4   286.2   316.1   475.2   669.9   757.5   844.8  3262.1  3449.0  3689.7  4060.7  8068.2 11061.4  65430.6    85000  1777978719731  1777978721932
read     1068.0  1282.7   118.1   301.8   332.0   491.9   706.2   794.6   875.8  3294.1  3486.0  3738.4  4105.7  8042.5 10167.4  62884.5    95000  1777978723436  1777978725637
read      974.0  1231.0   101.3   267.9   295.7   452.5   631.4   714.1   787.8  3234.6  3414.0  3634.5  4031.2  8052.4 13819.1  68774.2   105000  1777978727141  1777978729343
read      963.1  1227.4   109.4   265.6   292.3   446.3   622.0   694.3   756.9  3128.9  3416.0  3634.2  4050.1  8045.3 10030.7  69875.5   115000  1777978730848  1777978733050
read      981.3  1218.3   109.4   267.7   298.6   475.6   633.7   711.7   785.5  3085.6  3412.5  3640.5  4049.0  8017.7  9434.2  68435.2   125000  1777978734555  1777978736757
Warning! Detected max cpu usage > 95%
CPU Usage Stats (avg/min/max): 51.49%,2.99%,100.00%
