#type       avg     std     min      p5     p10     p50     p67     p75     p80     p85     p90     p95     p99    p999   p9999      QPS   target       ts_start         ts_end
read      262.4    79.6   109.4   174.7   190.5   255.1   279.5   293.5   304.1   316.2   334.3   365.4   459.2  1196.7  2996.9   4913.0     5000  1777976242716  1777976244983
read      281.4    98.7    93.8   167.9   189.6   276.3   305.2   320.4   332.8   345.4   365.1   395.9   493.2  1393.9  2999.4  14862.0    15000  1777976246487  1777976248730
read      284.7    96.0    93.8   154.0   172.6   283.7   319.2   338.6   352.2   368.4   390.1   423.4   501.3   793.4  3185.8  24843.5    25000  1777976250234  1777976252437
read      275.8    97.2    93.8   144.8   160.6   274.4   315.2   335.8   349.8   367.1   388.5   420.9   498.9   777.8  2201.6  34847.0    35000  1777976253941  1777976256143
read      283.3   111.3    86.8   141.4   157.2   279.2   328.0   351.9   368.7   388.2   412.0   450.3   540.7   954.7  2023.6  45264.0    45000  1777976257646  1777976259848
read      301.8   144.4    86.8   140.9   157.8   284.4   341.6   371.2   392.3   417.2   450.8   509.6   777.4  1572.4  2357.8  55089.9    55000  1777976261352  1777976263553
read      286.9   143.9    80.4   139.1   155.3   273.7   328.7   357.0   376.7   399.7   429.0   473.0   590.8  1072.1  3070.8  65112.0    65000  1777976265058  1777976267262
read      278.6   113.3    86.8   138.2   153.2   262.7   317.7   346.8   368.4   393.2   424.9   473.3   586.6   780.0  1752.0  74792.1    75000  1777976268766  1777976270971
read      294.1   120.3    80.4   142.8   160.1   276.0   332.4   363.9   386.9   414.3   451.3   507.1   644.6   919.5  1367.4  84669.5    85000  1777976272476  1777976274678
read      337.5   163.4    86.8   152.0   172.6   306.6   372.3   412.6   443.4   482.2   536.3   634.4   869.0  1178.0  2568.6  94861.7    95000  1777976276182  1777976278384
read      539.5   272.4    86.8   205.8   253.8   491.4   593.3   666.2   728.5   807.0   902.7  1029.0  1264.2  1580.7  7236.8 102920.7   105000  1777976279888  1777976282090
read      464.4   242.1    86.8   186.6   221.5   427.5   500.6   544.1   587.9   681.1   821.9   933.0  1077.1  1466.2  6038.5 111229.5   115000  1777976283595  1777976285796
read      578.6   240.5   101.3   332.7   368.1   501.8   605.1   734.0   797.0   850.6   905.9   976.7  1097.4  1491.4  7366.8 111594.1   125000  1777976287300  1777976289502
Warning! Detected max cpu usage > 95%
CPU Usage Stats (avg/min/max): 50.25%,0.50%,100.00%
