#type       avg     std     min      p5     p10     p50     p67     p75     p80     p85     p90     p95     p99    p999   p9999      QPS   target       ts_start         ts_end
read      242.8   109.6   101.3   157.3   172.6   233.4   257.3   271.0   281.6   294.3   314.4   348.5   434.5  1196.4  4940.7   4958.0     5000  1777910983294  1777910985570
read      258.5    79.4    80.4   145.2   167.1   254.4   284.7   301.0   313.1   327.4   346.3   379.4   460.9   739.5  1621.0  14840.5    15000  1777910987077  1777910989320
read      286.6   100.7    86.8   138.5   159.3   282.7   325.9   348.8   365.2   383.9   406.8   448.4   549.8   731.8  1936.5  24972.0    25000  1777910990825  1777910993026
read      294.9   134.3    80.4   133.5   152.2   283.0   337.0   366.1   386.6   409.5   438.5   494.2   611.5  1120.0  3426.1  35002.0    35000  1777910994532  1777910996736
read      313.8   147.3    80.4   131.4   149.8   295.2   361.7   397.5   422.7   454.5   501.1   565.9   690.9   965.6  3497.0  44775.9    45000  1777910998242  1777911000445
read      335.5   177.5    74.4   128.4   147.3   302.7   385.1   430.4   467.5   513.7   564.6   639.2   842.8  1440.3  3298.0  54904.4    55000  1777911001951  1777911004151
read      839.0  1324.6    86.8   157.0   182.2   325.3   434.8   544.4   765.2  1474.5  2635.0  4105.3  6164.1  8064.1 10087.0  64497.4    65000  1777911005656  1777911007859
read      876.9  1613.0    80.4   157.7   180.0   296.3   356.6   401.8   455.8   860.2  2761.4  5500.3  7229.8  9047.4 10946.0  72834.4    75000  1777911009365  1777911011566
read      954.6  1822.1    86.8   168.2   192.3   308.3   369.8   413.6   455.8   547.7  3459.4  6175.0  7656.4  9796.9 13364.3  71318.5    85000  1777911013072  1777911015274
read      982.2  1905.1    86.8   170.1   193.9   318.5   374.5   414.1   453.2   537.4  3516.2  6261.3  7869.3 10661.5 16012.8  69609.9    95000  1777911016780  1777911018979
read     1006.0  1901.1    86.8   173.2   196.1   326.6   394.1   438.6   480.8   568.6  4166.1  6259.4  7810.1 10561.8 14752.4  68028.5   105000  1777911020485  1777911022691
read      959.1  1809.1    86.8   172.0   197.8   305.1   372.0   431.3   493.4   639.2  3348.1  6139.6  7900.3 10050.9 11935.1  70813.0   115000  1777911024198  1777911026400
read     1027.8  1869.1    80.4   179.2   203.9   342.0   411.3   458.5   506.4   765.2  4077.2  6248.6  7761.9  9852.9 11069.1  66523.4   125000  1777911027907  1777911030111
Warning! Detected max cpu usage > 95%
CPU Usage Stats (avg/min/max): 50.25%,0.50%,100.00%
