#type       avg     std     min      p5     p10     p50     p67     p75     p80     p85     p90     p95     p99    p999   p9999      QPS   target       ts_start         ts_end
read      242.4    82.3    86.8   160.9   174.8   232.5   255.8   270.7   281.7   294.5   315.3   349.0   458.1   778.9  3770.0   5000.5     5000  1777911043728  1777911045986
read      247.3    89.3    86.8   148.9   167.4   241.0   266.7   281.4   292.5   306.4   323.7   357.0   436.2  1253.9  2702.9  14967.5    15000  1777911047491  1777911049744
read      261.9    84.8    80.4   139.5   158.1   258.5   291.0   309.1   321.2   337.7   358.8   395.0   488.9   786.6  1597.3  24914.5    25000  1777911051249  1777911053451
read      270.0    95.5    80.4   133.9   151.2   265.8   306.0   326.9   342.5   362.0   387.1   428.1   536.6   785.5  1465.0  35144.3    35000  1777911054956  1777911057158
read      270.0   115.7    80.4   130.9   146.6   260.0   305.6   329.3   346.3   368.3   396.8   443.3   581.1  1100.0  2770.7  45049.5    45000  1777911058664  1777911060864
read      279.9   136.5    80.4   128.9   144.2   263.4   315.9   344.0   365.8   392.5   427.7   492.6   636.5  1197.7  3769.5  55024.5    55000  1777911062369  1777911064571
read      287.1   139.8    80.4   128.9   144.2   263.4   321.1   354.1   379.2   409.9   454.3   535.1   715.9  1286.2  2269.5  65097.0    65000  1777911066077  1777911068281
read      304.7   164.0    80.4   131.8   148.5   271.8   333.1   369.8   399.6   438.6   504.4   604.7   845.3  1360.5  3406.5  74778.5    75000  1777911069787  1777911071994
read      318.4   206.7    80.4   133.1   149.6   265.5   331.2   376.7   416.4   472.3   555.4   684.5  1036.8  2109.4  3959.9  84813.3    85000  1777911073500  1777911075701
read      406.4   371.3    86.8   147.9   170.1   309.7   387.2   446.9   503.4   583.9   709.8   955.9  2079.0  3408.1  7933.3  94638.0    95000  1777911077207  1777911079410
read      497.6   600.7    86.8   163.4   189.1   333.5   414.4   471.1   524.9   610.0   833.8  1533.2  3340.9  6765.4  8110.7 105168.5   105000  1777911080916  1777911083115
read      597.7   806.6    86.8   200.4   229.0   385.6   466.2   514.0   552.4   611.9   746.9  2672.4  3724.4  7712.5  8873.7 108476.4   115000  1777911084621  1777911086823
read      613.3   837.8    86.8   208.5   237.1   395.5   477.7   524.5   560.1   610.6   714.1  3060.3  3758.5  7766.5  9247.4 107750.4   125000  1777911088329  1777911090533
Warning! Detected max cpu usage > 95%
CPU Usage Stats (avg/min/max): 50.25%,0.50%,100.00%
