#type       avg     std     min      p5     p10     p50     p67     p75     p80     p85     p90     p95     p99    p999   p9999      QPS   target       ts_start         ts_end
read      269.4    95.9   118.1   174.6   190.2   259.2   286.0   301.2   313.1   327.3   346.3   389.3   498.8  1265.6  3152.8   4972.0     5000  1777976124779  1777976127044
read      295.1   107.8    93.8   166.8   188.1   289.8   324.5   344.2   358.4   373.3   395.5   429.4   522.9  1194.4  3073.1  14969.0    15000  1777976128550  1777976130800
read      306.7   107.8    86.8   150.9   170.5   304.0   349.8   373.7   391.4   411.0   435.0   477.2   578.2   842.6  2011.8  24976.5    25000  1777976132304  1777976134507
read      334.4   143.7    86.8   147.7   168.5   324.6   384.4   416.0   438.5   464.5   498.9   550.5   715.9  1289.5  2437.4  35136.5    35000  1777976136012  1777976138213
read      337.8   157.3    80.4   141.8   161.4   318.4   388.8   427.4   454.8   487.0   528.6   590.4   789.0  1379.5  3040.9  44946.8    45000  1777976139718  1777976141918
read      355.4   177.6    86.8   145.5   164.8   320.5   404.2   456.6   492.9   534.6   586.2   678.4   884.8  1271.5  1875.1  55041.5    55000  1777976143422  1777976145622
read      508.7   495.0    86.8   158.8   183.3   355.9   480.1   577.7   664.5   784.0   988.9  1354.3  2533.2  4568.3  8797.1  64612.4    65000  1777976147127  1777976149327
read     1052.5  1273.4    86.8   295.3   326.0   479.5   694.1   785.7   870.8  3281.7  3472.5  3722.1  4066.2  8058.7 10230.4  63569.9    75000  1777976150831  1777976153031
read     1011.5  1264.0   109.4   282.8   311.8   463.5   659.9   741.1   809.1  3255.3  3437.1  3674.1  4374.7  8092.1 10215.3  66424.3    85000  1777976154535  1777976156739
read      976.9  1240.8    80.4   269.9   296.3   449.5   628.3   711.4   785.6  3245.4  3424.1  3643.5  4035.2  8078.1 14590.2  68827.2    95000  1777976158244  1777976160445
read      937.1  1207.4   101.3   245.2   274.8   447.0   575.4   673.0   763.3  2818.3  3394.1  3619.1  4044.7  8016.2  9881.2  71609.5   105000  1777976161950  1777976164151
read     1048.3  1274.1   109.4   296.2   324.6   478.3   694.2   777.7   855.5  3277.8  3465.4  3717.8  4366.7  8049.3 10847.5  64128.5   115000  1777976165656  1777976167859
read      995.3  1244.5   101.3   272.3   300.7   468.7   643.4   723.6   797.4  3250.5  3439.5  3664.8  4056.6  8051.3 10214.0  67444.4   125000  1777976169363  1777976171563
Warning! Detected max cpu usage > 95%
CPU Usage Stats (avg/min/max): 50.25%,0.50%,100.00%
