Random waveform, supplied seed
Total number of intervals = 87 (6927, 52892, 98921, 61129, 40613, 53226, 38560, 103465, 104758, 94759, 37799, 8296, 69443, 12517, 43591, 20430, 93758, 10485, 16518, 83230, 5484, 55611, 20774, 96726, 32442, 73039, 74055, 51197, 59442, 35654, 78747, 42212, 52488, 36950, 16762, 79473, 61431, 87172, 108181, 80515, 37149, 13444, 72057, 70041, 90162, 52082, 24258, 72013, 58012, 45398, 50177, 34504, 66010, 73937, 55020, 53235, 97743, 5419, 14764, 7451, 48208, 16149, 78989, 18886, 75954, 44409, 16431, 85707, 58253, 103867, 21604, 90401, 84467, 99700, 32052, 18173, 67789, 51929, 83850, 18614, 29315, 108090, 27024, 49907, 9150, 34328, 51881)
Average QPS expected = 53076
Timestamp start: 1778267346099
Timestamp end: 1778268646397

#type       avg     std     min      p5     p10     p50     p67     p75     p80     p85     p90     p95     p99    p999   p9999      QPS   target
read      273.8   179.4    86.8   160.5   177.8   252.1   284.8   304.2   318.8   340.6   371.0   430.1   662.9  1876.5  8001.1   6916.0     6927
read      343.2   371.2    74.4   125.2   141.9   285.9   355.7   398.9   432.9   475.2   535.4   649.9  1491.2  5224.9 10306.5  52824.7    52892
read      319.4   292.1    74.4   133.3   150.7   271.6   329.4   363.2   389.5   424.6   479.9   605.0  1300.6  3865.3  7779.5  99198.1    98921
read      301.9   218.0    74.4   121.8   136.7   266.9   329.4   368.1   398.5   437.4   492.4   582.9   900.6  2786.3  7102.7  61092.5    61129
read      369.2   600.4    74.4   122.5   141.3   302.7   381.6   423.8   454.3   491.0   540.4   634.0  2062.4  7219.5 11964.3  40597.1    40613
read      347.4   481.7    80.4   127.0   143.8   286.8   358.3   402.2   437.7   482.9   543.7   660.1  1623.0  4686.9  9654.1  53233.8    53226
read      355.6   534.5    74.4   126.0   146.2   301.1   374.5   415.2   444.6   479.7   527.9   618.8  1704.0  5319.2 10262.4  38528.9    38560
read      350.4   317.9    74.4   140.3   160.0   290.5   352.3   391.7   424.3   469.3   544.3   714.0  1538.1  3735.2  7917.2 103481.7   103465
read      315.5   233.3    74.4   138.1   156.6   280.5   338.0   371.3   397.6   431.6   483.3   581.0   937.9  3136.1  7644.3 104925.3   104758
read      302.5   215.5    74.4   132.5   149.8   268.7   325.3   358.0   382.3   413.4   460.8   556.0   976.7  2677.2  7418.3  94734.9    94759
read      404.5   719.3    74.4   123.6   143.7   305.0   382.4   424.7   455.5   492.9   544.6   678.7  3297.3  7823.7 15071.1  37886.4    37799
read      244.2   134.0    80.4   143.6   161.9   231.5   260.2   276.0   288.9   303.8   323.8   362.9   513.9  1352.8  6863.3   8295.8     8296
read      302.6   235.2    74.4   123.5   138.4   257.3   322.2   365.9   400.4   445.9   506.4   605.3   950.1  2879.9  7637.6  69394.2    69443
read      265.0   156.4    80.4   147.1   167.2   255.9   291.4   310.7   324.2   342.2   364.3   396.8   471.4   907.5  8946.0  12523.5    12517
read      385.9   415.8    74.4   130.0   150.6   320.2   407.3   454.0   487.3   526.3   578.3   676.8  2336.0  5566.2  8103.1  43565.5    43591
read      311.4   403.8    80.4   143.4   167.9   295.1   349.1   377.3   397.8   422.8   456.6   513.0   690.0  1606.7  3472.2  20382.9    20430
read      324.7   315.2    74.4   132.2   149.2   268.5   328.7   364.3   392.1   429.2   489.1   622.7  1550.2  3938.7  7782.0  93625.8    93758
read      261.6   141.9    80.4   146.7   166.2   247.5   280.8   299.4   313.9   332.0   356.7   397.7   561.9  1437.5  5345.0  10526.3    10485
read      273.8   128.2    80.4   135.4   158.2   262.8   303.9   326.4   343.4   363.2   387.9   427.6   554.7  1521.4  3354.2  16540.5    16518
read      294.3   294.8    74.4   127.2   142.3   253.0   307.4   336.0   357.3   382.8   419.6   496.1  1357.9  3974.0  7686.1  83129.3    83230
read      243.5   131.5    80.4   155.5   169.2   229.1   255.3   270.7   282.5   296.3   317.9   359.7   509.5  1356.5  6175.7   5461.8     5484
read      316.9   265.1    74.4   124.4   140.0   274.7   338.9   379.8   411.9   452.9   507.6   603.4  1077.6  3489.6  7773.0  55651.0    55611
read      294.4   174.6    80.4   133.2   156.1   278.0   327.6   355.1   373.0   395.4   424.4   470.5   674.1  2300.6  6198.9  20794.5    20774
read      299.9   294.0    74.4   130.6   146.3   255.0   310.8   341.8   365.4   394.3   435.0   521.4  1289.7  4177.7  7688.7  96554.1    96726
read      315.1   392.2    74.4   125.8   145.3   289.3   350.0   382.6   405.2   433.1   468.9   531.6   766.1  4164.6  7944.4  32467.6    32442
read      362.1   467.4    74.4   125.4   141.4   274.3   345.2   393.4   434.1   491.2   576.6   769.1  2309.6  5162.5  8247.3  73016.8    73039
read      340.2   469.5    74.4   123.0   138.6   266.7   334.4   378.1   414.9   463.8   535.7   679.8  1808.0  5550.6 18084.3  74104.1    74055
read      342.0   280.0    74.4   119.8   137.2   296.6   386.3   433.7   466.5   504.6   552.9   636.0  1091.1  3881.4  7735.2  51278.8    51197
read      295.2   313.7    74.4   119.7   134.2   261.4   322.9   361.6   390.5   426.4   473.1   549.1   821.6  3217.1  6784.3  59416.2    59442
read      319.7   238.9    74.4   121.2   140.6   291.9   359.7   394.6   419.5   448.6   486.1   546.6   957.7  3119.1  7628.1  35690.6    35654
read      318.7   377.6    74.4   120.6   135.1   253.5   319.0   361.7   396.9   444.8   513.5   649.3  1617.9  3965.6  7815.3  78631.8    78747
read      330.8   349.4    74.4   116.3   133.5   287.5   363.4   401.9   429.3   460.7   500.5   568.1  1226.6  5574.0  9311.2  42173.7    42212
read      341.7   253.6    74.4   118.1   135.2   295.5   390.6   439.8   473.7   513.4   565.6   654.2  1112.6  3071.3  7439.2  52549.5    52488
read      357.5   470.8    74.4   119.5   138.2   294.3   368.8   406.9   434.5   467.7   513.4   608.5  2043.8  6754.5 14819.6  37012.3    36950
read      268.0   135.6    74.4   130.4   152.5   255.4   295.1   316.9   333.6   352.7   375.9   418.2   577.7  1853.6  3459.2  16796.3    16762
read      324.9   336.1    74.4   122.0   137.1   256.4   322.5   366.7   403.4   456.7   534.3   682.3  1583.6  4291.9  7896.8  79406.3    79473
read      281.1   176.0    74.4   118.1   131.7   256.0   315.3   350.3   377.2   411.0   456.8   527.9   712.3  2012.8  5166.2  61519.1    61431
read      361.4   442.7    74.4   126.0   141.8   263.8   329.6   373.1   411.7   468.3   566.0   840.5  2550.2  4669.7  8568.7  87073.5    87172
read      285.3   199.4    74.4   130.3   146.4   256.6   310.3   339.9   362.3   389.8   428.8   503.8   778.3  2985.4  6303.8 108169.2   108181
read      325.0   282.6    74.4   123.3   138.8   261.3   329.2   374.2   413.7   468.5   549.8   711.6  1413.7  3272.8  7405.4  80511.7    80515
read      323.4   253.3    74.4   120.3   139.7   293.2   364.3   400.7   426.8   457.2   495.9   557.7   966.5  3088.0  8007.5  37235.4    37149
read      263.3   164.7    74.4   136.2   158.1   247.9   284.6   305.1   319.5   339.1   364.4   405.2   589.1  1954.9  7816.5  13474.0    13444
read      313.2   662.6    74.4   122.1   136.6   254.8   321.6   367.2   403.0   449.9   511.1   622.0  1300.8  3544.6  8127.8  71923.7    72057
read      287.8   353.8    74.4   119.6   133.2   245.7   309.2   350.3   384.0   426.6   481.8   568.0   841.9  2705.9  7306.7  70026.3    70041
read      297.3   223.0    74.4   122.0   136.0   238.1   303.1   348.5   391.7   452.4   534.0   662.1  1030.7  2502.8  5682.3  90196.5    90162
read      334.9   220.8    74.4   124.1   141.0   291.6   377.0   427.6   464.3   507.4   566.0   660.8   975.9  2240.3  6193.2  52184.5    52082
read      305.9   220.7    80.4   132.2   154.3   288.1   342.5   371.0   391.2   414.5   445.0   495.6   683.9  2358.6  8375.3  24190.7    24258
read      290.8   293.2    74.4   117.0   129.8   237.7   300.3   339.2   370.8   411.1   464.8   550.1  1338.2  3670.6  7830.7  71966.1    72013
read      286.5   163.5    74.4   120.8   134.9   259.5   320.4   358.1   386.8   423.0   470.7   546.9   740.2  1690.4  3468.7  58050.4    58012
read      330.4   223.0    74.4   123.3   141.4   299.4   381.6   424.3   454.4   489.0   532.6   599.1   797.1  2880.9  7070.8  45337.3    45398
read      340.9   241.5    74.4   123.6   141.4   301.4   391.8   439.5   473.5   512.7   563.5   641.0   897.2  2903.0  7518.9  50161.5    50177
read      315.2   183.7    74.4   125.5   144.9   294.5   362.3   396.9   421.6   450.2   486.4   542.4   716.3  2358.8  4458.7  34519.3    34504
read      312.5   276.7    74.4   122.4   137.1   260.9   326.6   367.5   400.1   443.9   504.3   610.7  1404.6  3249.5  7590.1  65991.1    66010
read      310.0   220.9    74.4   123.9   138.9   259.7   327.7   373.1   412.0   464.9   538.3   660.5  1032.7  2295.2  5016.0  74023.2    73937
read      281.9   152.5    74.4   121.9   136.2   260.9   319.7   354.6   380.6   412.9   456.4   522.2   670.5  1244.7  3990.5  54920.4    55020
read      323.1   236.8    74.4   122.5   138.5   279.7   357.0   403.5   439.2   482.2   538.2   630.8   955.6  3044.9  6980.3  53265.7    53235
read      272.4   198.1    74.4   127.1   141.8   244.1   297.4   325.9   346.4   371.4   403.9   465.6   739.0  3150.8  6277.2  97786.5    97743
read      235.6    92.0    86.8   153.1   166.3   225.7   250.3   265.1   275.0   289.0   306.8   337.4   430.5  1190.6  3227.2   5430.5     5419
read      274.4   158.4    80.4   143.1   164.7   263.4   300.9   321.7   337.7   355.9   378.2   415.9   525.6  1712.8  7377.2  14755.9    14764
read      246.9   106.0    86.8   152.9   168.6   236.0   264.5   280.1   291.7   306.1   324.9   358.1   458.6  1246.8  4135.3   7478.2     7451
read      333.3   220.8    74.4   122.9   141.2   299.9   385.6   430.3   462.3   499.1   544.8   618.8   824.2  2605.6  7462.0  48262.3    48208
read      279.5   233.9    80.4   140.0   161.8   259.5   296.1   317.0   332.6   350.1   372.4   411.4   694.3  3592.3  7883.7  16248.6    16149
read      306.0   364.3    74.4   124.0   138.9   249.2   307.7   339.5   364.1   395.5   445.7   561.6  1656.8  4844.0 10001.6  78836.7    78989
read      281.0   415.0    80.4   135.1   157.2   267.8   311.7   335.6   352.1   370.9   395.8   434.7   582.0  1911.0  6881.9  18914.6    18886
read      449.9  1001.6    74.4   128.4   144.8   262.4   317.6   351.3   379.7   426.8   636.0  1950.8  3480.4  7389.5  8471.1  75856.3    75954
read      254.3   103.8    74.4   127.1   142.0   255.2   294.3   313.3   326.7   342.4   363.4   395.3   468.5   608.8  2346.0  44466.9    44409
read      244.5    92.7    80.4   147.1   167.2   241.0   265.4   278.4   288.6   299.6   316.7   345.0   418.1   594.5  3387.0  16403.1    16431
read      247.9   104.5    74.4   122.5   136.4   231.1   285.0   311.9   330.7   352.0   378.7   422.5   523.9   716.5  2231.9  85685.5    85707
read      248.1    98.3    74.4   122.4   136.4   242.4   290.6   312.3   327.3   344.2   366.5   399.3   476.7   621.4  2178.9  58309.9    58253
read      252.6   109.5    74.4   126.3   140.6   234.8   286.7   313.6   332.9   355.5   384.3   430.8   547.8   820.5  2333.0 103924.9   103867
read      243.3    83.2    80.4   138.5   157.2   241.4   267.4   281.5   291.7   304.4   320.6   350.3   424.8   578.7  3004.9  21628.7    21604
read      271.8   600.4    74.4   128.4   143.7   249.4   302.9   331.3   351.7   375.9   409.7   470.3   668.4  1275.2  4229.4  90352.6    90401
read      259.9   642.4    74.4   124.3   138.9   240.3   293.4   319.9   339.5   362.3   392.1   442.4   588.0  1152.3  2365.0  84469.4    84467
read      283.4   205.2    74.4   129.6   145.1   250.4   305.6   335.9   358.7   386.9   428.2   515.7   927.5  2076.9  7730.4  99697.5    99700
read      257.1   101.4    80.4   134.3   151.4   257.6   290.4   307.5   319.1   334.8   354.0   385.1   459.1   616.6  3117.2  32135.6    32052
read      250.3    81.0    80.4   146.4   166.8   247.1   273.0   287.8   297.4   311.9   330.0   360.7   433.0   587.0  3062.3  18147.9    18173
read      251.9   106.2    74.4   123.2   137.5   239.9   293.0   317.6   335.1   355.1   379.5   419.7   510.2   686.0  2255.0  67739.3    67789
read      253.9   101.4    74.4   125.6   140.3   250.1   294.9   316.2   331.5   348.3   370.5   404.0   486.1   646.7  2423.4  51985.5    51929
read      267.9   383.4    74.4   129.3   144.8   251.0   304.1   331.9   351.6   374.4   405.0   459.6   592.5   924.2  2276.6  83841.3    83850
read      250.9    85.0    80.4   146.6   167.0   247.9   273.9   288.8   298.8   313.2   331.7   361.6   430.0   587.7  3029.8  18610.4    18614
read      259.5    86.7    74.4   136.0   154.0   258.9   290.0   307.1   319.0   335.6   356.7   391.7   479.8   702.5  2026.1  29372.3    29315
read      282.7   215.0    74.4   133.6   150.4   260.2   313.4   342.9   365.5   393.3   432.4   504.2   713.6  1296.6  3417.0 108086.9   108090
read      256.5    96.9    74.4   138.5   156.8   256.3   286.5   302.3   314.2   328.6   346.5   377.5   451.7   586.3  3110.5  27038.7    27024
read      255.3   103.1    74.4   127.1   141.9   252.7   296.0   316.6   331.6   347.9   370.0   402.7   482.9   659.4  3011.8  49923.1    49907
read      238.4    87.8    86.8   158.2   174.2   231.4   253.3   266.6   275.3   288.4   304.8   334.1   401.8   932.2  3207.9   9140.0     9150
read      256.9    88.4    74.4   133.5   150.2   258.4   291.6   309.0   320.7   336.4   355.5   386.5   461.0   630.3  2170.9  34394.6    34328
read      257.7   302.9    74.4   126.1   140.8   253.6   298.5   320.0   335.8   353.7   376.0   414.6   503.7   674.2  2184.8  34551.7    51881

Total QPS = 53084.1 (69009352 / 1300.0s)

Total connections = 64
Misses = 0 (0.0%)
Skipped TXs = 0 (0.0%)

RX 17045309450 bytes :   12.5 MB/s
TX          0 bytes :    0.0 MB/s
Warning! Detected max cpu usage > 95%
CPU Usage Stats (avg/min/max): 100.00%,49.50%,100.00%
