#type       avg     std     min      p5     p10     p50     p67     p75     p80     p85     p90     p95     p99    p999   p9999      QPS   target       ts_start         ts_end
read      226.9    59.1   109.4   156.9   167.5   219.8   241.2   254.0   264.5   275.3   291.6   316.1   389.1   695.9  1889.9   4870.0     5000  1777928059808  1777928062063
read      267.7    95.1    93.8   158.2   176.0   264.0   296.1   313.2   324.8   339.3   358.1   388.0   452.1   672.0  4235.7  14962.0    15000  1777928063568  1777928065805
read      283.6   110.8    86.8   152.8   170.8   280.5   319.8   340.6   354.9   370.2   391.5   423.5   493.1  1037.9  3771.6  24919.0    25000  1777928067308  1777928069515
read      284.5   104.8    80.4   145.8   163.0   280.5   328.0   352.2   369.4   388.9   411.8   445.0   507.8   593.8  1345.2  34984.0    35000  1777928071018  1777928073216
read      285.5   115.5    80.4   140.6   157.3   274.5   331.1   360.1   379.7   401.5   429.3   466.9   542.8   680.8  2547.9  45170.5    45000  1777928074719  1777928076917
read      281.9   112.7    80.4   134.0   150.1   267.7   326.8   358.4   380.5   405.1   436.2   480.9   570.7   720.6  1354.5  55090.5    55000  1777928078421  1777928080618
read      277.7   126.6    80.4   131.3   146.5   258.2   317.1   349.8   374.0   403.2   439.2   494.0   592.3   750.8  1963.2  64876.5    65000  1777928082122  1777928084318
read      279.2   127.7    80.4   132.5   147.1   253.9   316.0   350.1   376.0   407.1   448.1   508.8   640.9   911.8  2564.7  75026.4    75000  1777928085822  1777928088023
read      289.2   145.5    74.4   132.7   147.7   256.6   319.3   357.0   387.2   426.6   481.2   563.6   738.4  1033.2  3205.7  84966.0    85000  1777928089526  1777928091730
read      311.1   184.8    80.4   137.6   153.1   260.6   325.6   367.3   404.0   460.6   542.7   680.9   954.2  1520.1  2549.5  94719.0    95000  1777928093235  1777928095438
read      356.2   326.6    74.4   139.9   157.3   270.7   335.1   380.1   422.1   485.7   602.4   882.5  1797.6  3183.9  7715.7 104705.5   105000  1777928096941  1777928099143
read      439.5   614.4    80.4   151.9   172.4   295.0   360.3   402.1   437.1   487.6   583.0  1167.8  3422.3  6808.7  8793.3 114723.4   115000  1777928100647  1777928102843
read      542.3   800.7    86.8   187.6   213.1   346.9   410.7   449.5   477.9   515.7   578.8  3058.6  3703.4  7657.6  8802.4 119137.0   125000  1777928104348  1777928106546
Warning! Detected max cpu usage > 95%
CPU Usage Stats (avg/min/max): 51.75%,3.50%,100.00%
