#type       avg     std     min      p5     p10     p50     p67     p75     p80     p85     p90     p95     p99    p999   p9999      QPS   target       ts_start         ts_end
read      261.9    91.4   109.4   177.0   193.5   255.5   279.6   292.3   301.7   314.0   330.2   357.6   426.0  1190.2  4751.8   4964.5     5000  1777976360950  1777976363214
read      280.2    77.9    93.8   166.9   188.2   278.7   308.2   323.6   335.4   347.4   366.2   394.1   466.6   657.9  2118.6  14964.9    15000  1777976364718  1777976366963
read      287.4    86.8    93.8   158.7   178.1   287.2   323.4   342.0   355.5   370.3   390.3   420.2   485.5   702.0  1887.7  24885.0    25000  1777976368467  1777976370668
read      285.2    98.8    86.8   146.4   163.2   284.2   327.6   348.9   364.9   383.0   404.4   439.5   517.2   631.5  2202.6  34839.5    35000  1777976372172  1777976374381
read      293.0   162.3    86.8   139.6   155.8   283.0   333.9   360.5   379.3   400.8   429.4   475.4   615.1  1769.7  6175.6  44913.0    45000  1777976375886  1777976378086
read      282.4   115.7    86.8   136.1   151.1   269.4   326.0   355.9   376.3   401.4   433.5   481.5   582.0   782.5  1681.3  55021.0    55000  1777976379591  1777976381791
read      285.7   125.9    86.8   136.9   151.4   266.1   323.6   356.2   380.5   409.7   449.5   508.4   652.3   874.9  2202.4  64924.4    65000  1777976383295  1777976385496
read      297.8   154.6    86.8   136.3   151.6   270.7   330.0   365.0   393.2   429.5   480.3   563.4   775.8  1103.6  4071.7  74994.7    75000  1777976386999  1777976389201
read      328.3   201.9    80.4   140.8   157.5   280.3   345.3   387.6   424.1   474.3   547.4   698.8  1056.3  1927.6  3392.3  84754.7    85000  1777976390706  1777976392909
read      359.8   279.3    74.4   143.7   162.2   284.1   351.0   399.2   443.8   508.2   626.3   881.9  1476.0  2468.1  7057.4  95024.0    95000  1777976394413  1777976396618
read      538.1   735.2    86.8   174.3   201.5   340.1   416.0   466.2   506.6   565.8   695.2  2245.5  3575.9  7663.7  8148.6 104350.0   105000  1777976398122  1777976400325
read      619.8   790.1    86.8   196.2   228.5   394.5   485.1   552.9   619.2   719.1   949.0  2529.4  3743.2  7749.9 10192.4 105585.5   115000  1777976401830  1777976404034
read      569.1   798.0    86.8   190.4   218.0   361.9   428.2   471.8   512.4   577.6   691.4  2755.3  3735.3  7708.0 10199.0 114973.4   125000  1777976405538  1777976407743
Warning! Detected max cpu usage > 95%
CPU Usage Stats (avg/min/max): 50.50%,1.00%,100.00%
