#type       avg     std     min      p5     p10     p50     p67     p75     p80     p85     p90     p95     p99    p999   p9999      QPS   target       ts_start         ts_end
read      236.7    71.4    93.8   156.5   169.2   228.5   251.4   265.8   275.8   290.7   311.1   344.5   428.0   708.0  2993.9   4976.0     5000  1777910862956  1777910865215
read      246.1    77.3    93.8   146.5   165.5   241.5   267.0   281.6   292.5   306.3   323.7   356.2   435.7   615.2  2502.7  14981.0    15000  1777910866720  1777910868961
read      257.8    83.2    80.4   139.5   156.2   256.6   288.2   305.1   316.9   332.3   351.4   382.9   456.0   662.8  1886.3  24987.0    25000  1777910870466  1777910872674
read      260.3    87.6    80.4   131.9   147.4   258.5   296.0   316.2   330.9   346.8   371.1   404.6   483.0   626.8  1170.1  35211.0    35000  1777910874180  1777910876382
read      266.1   109.5    80.4   129.6   144.9   259.6   304.3   328.0   344.7   365.8   392.8   434.0   534.7   683.9  2765.4  45275.5    45000  1777910877887  1777910880090
read      273.4   118.5    80.4   127.1   142.0   261.0   313.4   341.0   361.2   385.2   417.2   466.8   602.4   856.3  2679.9  54967.5    55000  1777910881596  1777910883799
read      275.3   129.1    80.4   125.4   139.6   252.2   308.9   340.8   365.7   397.3   439.4   519.0   683.8   981.1  1559.7  64771.5    65000  1777910885304  1777910887507
read      299.7   184.8    80.4   129.9   145.7   266.7   326.5   362.8   391.8   429.3   488.6   592.2   825.5  1595.2  5229.0  75126.3    75000  1777910889013  1777910891221
read      315.5   204.4    80.4   132.7   149.0   264.9   330.5   372.8   410.9   462.7   547.7   676.0  1002.8  2152.4  4038.6  84921.0    85000  1777910892728  1777910894931
read      378.0   358.7    80.4   141.2   160.5   283.6   352.3   404.3   455.3   538.9   667.7   931.1  1886.2  3461.6  7939.1  94823.0    95000  1777910896437  1777910898644
read      578.4   793.1    74.4   179.4   209.5   360.4   443.0   498.1   542.7   606.8   741.1  2661.1  3683.2  7765.3  9120.4 104490.4   105000  1777910900149  1777910902351
read      597.9   834.4    93.8   196.0   225.3   377.8   461.8   509.9   547.6   600.2   708.5  2944.7  3848.2  7774.8  9263.8 107965.8   115000  1777910903857  1777910906060
read      607.7   850.2    86.8   199.9   229.3   386.5   467.7   517.1   556.3   613.0   725.4  3007.1  4140.1  7800.0  9204.6 108136.9   125000  1777910907567  1777910909769
Warning! Detected max cpu usage > 95%
CPU Usage Stats (avg/min/max): 50.25%,0.50%,100.00%
