#type       avg     std     min      p5     p10     p50     p67     p75     p80     p85     p90     p95     p99    p999   p9999      QPS   target       ts_start         ts_end
read      260.3   140.8   109.4   175.3   191.0   249.8   273.2   287.0   296.0   309.3   325.2   353.7   428.2  2784.7  6988.3   4907.5     5000  1777976420130  1777976422393
read      271.1    66.2    93.8   166.6   186.8   269.8   296.5   311.8   321.6   335.8   352.5   381.5   436.7   563.0   908.4  15013.0    15000  1777976423897  1777976426140
read      279.7    81.1    93.8   159.1   177.6   280.0   312.9   330.4   342.3   357.1   373.8   401.9   466.6   624.0  1886.0  24995.5    25000  1777976427644  1777976429845
read      276.9    96.7    93.8   147.8   164.5   277.5   315.4   334.7   347.6   364.4   384.6   415.6   482.0   654.1  2845.9  34933.5    35000  1777976431349  1777976433554
read      276.1   117.3    86.8   140.7   156.4   273.1   317.8   339.7   354.9   371.4   394.1   429.2   509.7  1006.2  3182.6  45174.2    45000  1777976435058  1777976437260
read      268.2    97.9    86.8   139.6   154.3   260.5   310.3   334.0   349.8   368.8   392.8   427.8   501.7   642.4  1414.4  54924.5    55000  1777976438764  1777976440964
read      268.6   106.7    86.8   137.1   151.1   255.5   308.4   334.9   353.2   373.5   400.6   441.6   541.9   945.4  2023.8  64759.0    65000  1777976442468  1777976444677
read      275.4   120.0    80.4   137.6   152.5   258.9   312.7   339.7   358.9   380.8   408.6   459.0   621.0  1288.9  2230.6  74739.2    75000  1777976446182  1777976448384
read      272.2   113.5    86.8   138.7   153.5   256.8   309.5   336.9   356.3   378.2   405.9   452.7   565.9   868.5  2624.5  84986.5    85000  1777976449888  1777976452090
read      263.2   123.4    86.8   135.8   149.9   244.1   296.3   323.9   343.6   366.7   396.5   445.4   562.6   793.0  4944.9  94696.0    95000  1777976453595  1777976455795
read      270.6   114.6    80.4   139.1   154.0   253.6   304.0   331.1   350.2   373.3   404.0   456.2   581.7   876.5  2374.9 105124.8   105000  1777976457299  1777976459500
read      317.9   182.3    86.8   147.0   164.6   278.7   339.6   377.9   409.1   451.3   513.0   627.0   892.7  1353.0  4688.4 114673.3   115000  1777976461004  1777976463219
read      368.6   215.3    86.8   153.7   173.7   307.2   391.5   451.8   500.7   563.3   657.9   807.4  1072.5  1371.0  3350.2 124028.9   125000  1777976464724  1777976466926
Warning! Detected max cpu usage > 95%
CPU Usage Stats (avg/min/max): 50.25%,0.50%,100.00%
