Random waveform, supplied seed
Total number of intervals = 260 (6927, 52892, 98921, 61129, 40613, 53226, 38560, 103465, 104758, 94759, 37799, 8296, 69443, 12517, 43591, 20430, 93758, 10485, 16518, 83230, 5484, 55611, 20774, 96726, 32442, 73039, 74055, 51197, 59442, 35654, 78747, 42212, 52488, 36950, 16762, 79473, 61431, 87172, 108181, 80515, 37149, 13444, 72057, 70041, 90162, 52082, 24258, 72013, 58012, 45398, 50177, 34504, 66010, 73937, 55020, 53235, 97743, 5419, 14764, 7451, 48208, 16149, 78989, 18886, 75954, 44409, 16431, 85707, 58253, 103867, 21604, 90401, 84467, 99700, 32052, 18173, 67789, 51929, 83850, 18614, 29315, 108090, 27024, 49907, 9150, 34328, 51881, 14569, 81517, 78694, 93409, 39093, 18729, 70818, 21942, 91810, 39588, 40957, 62645, 15539, 107672, 32954, 58866, 23739, 54701, 60706, 72350, 58661, 34912, 103268, 38703, 83358, 57408, 86837, 33517, 66204, 73758, 99742, 109462, 94453, 44096, 100467, 8576, 59359, 7614, 60329, 43762, 67038, 26095, 71173, 109276, 13150, 61250, 84472, 82226, 27671, 98736, 106314, 105027, 96867, 89493, 50538, 22083, 48618, 94298, 63579, 64573, 77178, 29824, 64495, 20917, 85651, 61935, 50216, 72251, 71798, 19701, 24952, 81838, 26648, 24837, 29420, 103882, 70314, 61679, 49557, 19325, 9128, 94933, 24327, 71896, 93771, 20452, 42338, 72627, 80603, 49049, 92305, 56889, 78036, 71583, 72609, 107382, 86530, 16550, 84534, 72631, 49291, 62175, 80213, 16566, 53985, 101949, 24076, 52574, 106271, 105451, 86087, 29108, 101115, 74326, 75832, 94901, 15809, 28874, 51882, 32653, 41676, 63019, 99164, 47055, 62394, 98519, 32122, 49464, 24034, 77363, 91698, 38997, 86028, 83012, 15024, 56640, 97362, 107412, 65030, 79278, 47544, 105368, 58181, 56960, 14849, 63672, 48289, 11797, 10781, 49362, 102119, 46213, 97025, 18351, 21426, 43013, 67376, 36043, 6255, 102499, 26263, 56974, 40869, 46514, 11431, 58600, 68058, 54502, 64022, 52142, 101375, 40606, 47485)
Average QPS expected = 57399
Timestamp start: 1778259689645
Timestamp end: 1778260989993

#type       avg     std     min      p5     p10     p50     p67     p75     p80     p85     p90     p95     p99    p999   p9999      QPS   target
read      243.3   130.6    86.8   163.2   177.7   230.8   252.2   265.7   274.7   289.8   310.4   346.2   450.2  1610.8  7301.6   6840.8     6927
read      297.4   182.0    74.4   129.5   145.9   274.1   327.0   357.2   379.3   407.7   452.0   538.3   846.7  2263.5  3764.9  52837.6    52892
read      340.4   276.3    74.4   137.2   155.9   282.7   347.5   389.3   423.9   471.3   549.3   716.1  1353.8  3260.8  7557.4  98850.8    98921
read      302.6   178.5    74.4   127.0   142.9   270.6   329.6   365.3   394.6   434.0   493.5   596.8   901.4  1630.2  3606.8  61168.6    61129
read      274.5   123.8    74.4   129.1   145.3   271.0   312.0   333.0   347.5   367.9   395.0   442.2   588.7  1262.5  3822.2  40616.4    40613
read      296.6   219.6    68.9   125.7   141.7   269.4   320.3   347.7   370.3   398.9   441.7   533.6  1007.4  2715.3  7149.2  53092.4    53226
read      317.8   253.0    74.4   131.2   149.3   281.4   331.5   362.7   388.3   422.2   471.3   573.3  1290.0  3142.5  7563.8  38540.4    38560
read      279.3   161.4    74.4   129.6   145.8   253.3   308.7   339.1   362.0   390.1   429.2   500.6   716.0  1912.8  3996.2 103506.6   103465
read      424.0   410.8    74.4   151.3   176.2   332.3   419.3   477.5   526.8   592.7   698.4   934.1  2106.9  4744.9  9555.0 104600.8   104758
read      333.4   302.5    74.4   131.0   148.9   271.6   336.1   375.2   407.6   453.5   526.5   696.7  1504.9  3443.4  7705.9  94729.2    94759
read      269.0   119.2    74.4   128.3   144.6   266.6   307.2   327.6   342.2   361.5   387.6   431.8   543.1   900.5  4758.0  37812.2    37799
read      240.0   159.6    86.8   142.1   155.9   220.1   249.1   267.2   281.2   299.1   325.1   376.2   536.5  2102.3  7487.3   8350.6     8296
read      317.1   208.0    74.4   128.8   145.3   272.9   338.6   380.0   414.9   462.3   531.9   657.4  1043.4  2214.5  3512.8  69526.0    69443
read      261.4   178.7    86.8   144.0   162.0   237.0   270.9   291.3   308.4   330.6   361.2   415.9   673.7  2198.5  7745.0  12461.4    12517
read      280.9   149.1    74.4   128.2   144.5   269.3   315.5   340.0   358.4   380.3   411.8   471.0   660.4  1914.4  3225.8  43701.0    43591
read      270.5   101.8    80.4   145.8   168.2   261.3   294.9   314.3   328.7   345.7   371.1   417.5   546.7  1041.8  3265.3  20461.6    20430
read      272.0   155.3    74.4   128.9   144.4   249.1   302.3   330.9   351.5   376.4   411.7   474.5   685.2  1646.4  3742.0  93804.6    93758
read      241.3    76.3    86.8   152.5   168.7   230.0   257.1   272.7   285.2   299.5   321.0   364.5   472.1   841.1  1271.5  10507.0    10485
read      258.6   149.9    80.4   149.7   170.9   247.6   274.4   291.0   303.5   319.1   342.7   387.8   502.0  1491.7  7825.2  16497.0    16518
read      377.3   545.0    80.4   131.0   148.0   268.9   329.0   365.1   393.8   432.5   502.1   723.1  3207.9  6375.2  8121.0  83112.8    83230
read      239.5   111.5    86.8   150.7   164.1   225.5   251.6   267.2   278.3   293.4   314.9   355.6   534.3  1247.4  3839.4   5539.6     5484
read      336.8   352.8    80.4   125.0   141.2   269.7   335.2   377.2   412.0   458.1   526.4   682.3  1746.2  4032.9  8966.4  55480.6    55611
read      298.2   245.8    80.4   132.3   153.9   270.8   319.3   346.0   365.9   389.6   421.0   471.4   884.8  3617.5  7722.0  20604.8    20774
read      383.4   512.5    80.4   138.9   158.1   285.4   347.2   387.3   420.4   466.2   542.7   730.3  2955.5  6287.0  9429.6  96911.2    96726
read      336.3   336.6    80.4   129.0   149.1   291.9   357.1   393.9   420.7   452.7   495.5   568.4  1373.7  4532.5  9455.5  32432.4    32442
read      376.4   483.1    80.4   129.6   146.2   272.3   341.9   391.1   434.0   494.5   585.6   800.8  2796.3  6017.7  8122.4  73055.0    73039
read      341.9   385.0    74.4   126.2   141.9   266.3   334.3   381.1   423.6   482.1   566.6   733.1  1564.9  6080.6  9399.7  74002.8    74055
read      334.6   331.4    74.4   124.4   141.0   278.4   344.6   387.9   422.0   464.1   523.2   637.4  1536.2  4412.5  7938.9  51226.4    51197
read      305.7   300.8    74.4   121.2   136.0   262.1   322.8   361.4   392.0   430.5   482.7   571.7   987.6  4847.2  7841.8  59535.4    59442
read      381.4   539.2    74.4   126.5   147.4   306.5   380.5   421.0   450.2   485.3   533.5   629.1  2592.2  7771.4 15521.5  35821.0    35654
read      394.6   551.4    74.4   126.8   143.3   272.5   345.3   396.9   440.5   500.3   591.9   868.6  3098.1  7194.1  9324.0  78677.2    78747
read      371.7   343.8    74.4   127.9   146.9   311.7   398.1   452.8   494.1   544.4   613.9   731.5  1345.2  4702.3  9140.4  42050.2    42212
read      519.5   731.9    74.4   129.9   149.6   306.0   386.3   449.7   511.7   624.1  1011.4  2027.6  3664.0  7626.0  8119.9  52427.0    52488
read      384.4   482.3    80.4   125.0   145.5   313.6   391.8   433.8   464.1   500.3   548.1   653.2  2323.8  7350.1  9989.0  36867.2    36950
read      307.1   270.5    80.4   137.5   162.4   276.2   322.2   346.9   366.0   388.8   420.1   481.3  1139.3  3883.4  8118.0  16773.0    16762
read      401.6   562.5    74.4   128.9   145.8   277.0   351.4   404.4   451.7   513.3   610.0   859.7  3183.4  7153.5  8131.0  79417.2    79473
read      312.0   284.3    74.4   119.3   133.7   262.2   328.4   370.7   404.5   448.2   504.6   607.6  1234.0  3674.0  7808.6  61538.2    61431
read      323.7   258.3    80.4   127.2   142.7   258.0   325.7   375.3   421.2   484.9   575.3   730.3  1213.9  3077.4  7113.9  87240.2    87172
read      315.5   297.8    80.4   135.6   153.1   267.2   323.2   356.6   381.9   415.1   464.5   565.5  1435.1  3634.4  8540.2 107970.0   108181
read      351.7   371.2    74.4   127.1   143.4   267.3   336.6   383.8   426.1   489.4   592.0   806.9  1792.4  4647.6  8218.3  80461.8    80515
read      344.8   291.5    74.4   122.7   142.3   306.0   381.8   422.4   451.0   484.4   528.3   600.0  1245.8  3820.9  7783.8  37113.8    37149
read      312.0   567.7    80.4   139.2   163.0   260.1   298.5   321.4   338.5   358.9   387.2   440.9  1184.0 10226.3 15720.1  13477.4    13444
read      414.4   642.9    74.4   124.2   140.8   271.3   342.0   389.3   429.0   482.5   568.4  1061.4  3708.5  7561.2 10065.0  71781.0    72057
read      338.0   345.7    80.4   122.8   138.5   268.3   340.4   389.9   430.1   480.3   549.3   686.7  1792.8  4022.7  7860.4  70099.6    70041
read      270.5   162.8    74.4   125.2   140.1   243.3   298.7   328.6   350.2   376.3   413.3   482.2   774.1  1687.3  3693.7  90202.6    90162
read      364.6   327.9    74.4   125.5   144.2   302.4   390.2   443.9   483.7   531.6   595.3   718.5  1464.7  4223.4  8030.3  52078.0    52082
read      305.3   180.1    80.4   126.7   149.6   286.1   341.0   370.0   391.0   415.7   448.4   503.5   828.0  2060.4  4004.6  24221.6    24258
read      363.3   460.1    80.4   123.7   139.6   267.6   338.1   384.1   422.0   471.8   545.9   730.7  2798.4  5352.5  8039.0  71875.2    72013
read      293.2   172.0    74.4   120.1   135.1   263.7   328.0   366.5   395.9   432.2   481.8   561.5   798.7  1746.2  3253.7  58005.8    58012
read      362.4   284.2    74.4   126.0   147.2   319.6   406.5   453.9   487.3   525.7   575.5   658.0  1215.8  3739.3  7632.8  45353.6    45398
read      370.3   324.8    74.4   123.2   143.3   320.6   415.4   465.5   500.3   540.4   592.1   683.3  1343.5  4626.8  8022.7  50154.2    50177
read      313.7   160.5    74.4   123.3   143.7   298.8   362.1   395.0   418.7   446.1   480.9   537.1   693.9  1711.9  3698.4  34562.4    34504
read      349.2   358.3    80.4   128.8   145.8   281.8   352.1   398.7   437.3   489.0   561.6   714.7  1607.4  4664.4  9534.8  66261.0    66010
read      332.3   262.7    80.4   130.6   147.5   277.3   345.9   392.2   431.4   484.9   559.9   691.5  1203.3  3416.1  7421.0  73842.4    73937
read      383.4   413.8    74.4   129.5   148.8   307.7   387.9   436.3   473.0   518.9   582.6   722.4  2476.6  5076.7  7923.9  54976.8    55020
read      388.1   458.1    74.4   128.7   148.2   308.7   392.1   442.5   480.1   526.1   588.1   712.7  2611.2  6084.4  8068.7  53066.2    53235
read      358.9   452.0    80.4   135.5   153.7   276.9   335.2   369.8   397.5   434.3   497.9   666.7  2742.2  5394.7  8140.6  97797.0    97743
read      239.0    82.9    93.8   158.8   171.8   229.8   254.8   269.4   279.9   292.9   311.3   342.6   424.9   966.8  3846.8   5490.6     5419
read      296.2   143.3    80.4   150.3   174.5   280.1   323.9   348.9   366.6   387.9   416.3   466.1   683.0  1857.2  3638.9  14817.8    14764
read      250.4   246.4    86.8   155.7   171.5   237.8   265.4   280.5   291.7   305.5   323.0   355.8   428.5  1203.2 13361.1   7414.4     7451
read      365.9   389.3    74.4   124.9   144.1   306.1   385.1   429.7   462.5   501.6   554.9   661.0  1872.5  5546.1  8091.1  48114.4    48208
read      281.8   132.4    80.4   137.8   164.4   271.5   308.7   329.9   345.4   365.5   391.6   435.5   589.3  1898.3  3884.5  16203.2    16149
read      461.2   592.0    74.4   133.9   153.3   311.6   408.8   486.9   553.8   648.2   791.4  1149.8  3253.5  7068.1 10128.2  79231.4    78989
read      298.6   169.2    74.4   138.7   164.0   283.4   329.6   356.0   374.0   397.2   427.3   480.4   676.7  1895.1  6773.0  18793.2    18886
read      443.3   608.7    74.4   133.0   152.1   292.8   367.4   420.1   468.0   543.2   686.1  1335.7  3467.8  7049.5  8149.4  75936.8    75954
read      479.7   672.6    74.4   127.9   148.0   316.1   405.5   464.4   511.3   577.5   704.0  1493.1  3684.5  7623.7  8109.5  44409.8    44409
read      307.6   286.2    80.4   138.7   164.9   279.1   323.7   349.6   368.0   390.6   420.9   472.0   866.5  5354.4  7990.3  16372.2    16431
read      405.0   540.6    80.4   130.8   148.7   279.3   345.7   390.7   430.2   493.6   620.1  1111.8  3041.1  6245.3  8071.0  85635.0    85707
read      324.4   293.7    74.4   123.8   139.3   275.9   341.3   383.1   417.3   460.9   520.9   624.8  1230.3  3956.5  7765.0  58400.4    58253
read      394.2   384.2    80.4   145.7   168.1   310.5   382.9   433.1   476.2   537.1   632.6   861.7  1869.1  4470.3  8111.9 103652.0   103867
read      317.9   236.5    80.4   135.0   160.1   291.6   345.1   374.2   395.8   421.6   456.4   513.7   917.7  3079.4  7930.4  21772.6    21604
read      373.7   476.3    80.4   133.4   151.2   276.9   340.8   380.9   413.8   461.9   547.3   787.6  2862.5  5730.4  8066.9  90334.4    90401
read      344.9   357.2    80.4   131.9   149.0   273.7   336.1   373.8   405.0   452.1   538.4   775.5  1696.5  4288.5  8053.7  84342.2    84467
read      320.8   225.2    80.4   137.0   155.3   278.6   337.8   372.7   400.4   438.1   500.6   637.3  1135.4  2310.2  7393.0  99854.6    99700
read      357.3   377.0    80.4   129.0   149.8   304.2   373.5   411.7   439.3   472.8   520.5   604.7  1711.7  5412.7  8049.4  31992.4    32052
read      330.4   395.2    80.4   139.5   166.0   290.4   341.1   368.5   388.8   413.6   450.0   523.4  1157.1  7355.2 12361.5  18221.8    18173
read      460.3   655.5    74.4   132.3   150.8   298.6   380.2   439.6   493.7   570.7   709.3  1367.6  3681.9  7484.7  9532.5  67739.2    67789
read      417.5   567.5    74.4   127.1   144.3   297.7   380.2   434.9   479.3   538.9   636.4   930.0  3080.4  7040.1  9663.2  51954.6    51929
read      345.1   363.1    74.4   128.5   144.9   266.6   329.4   368.6   400.8   449.2   542.8   814.2  1848.4  4089.0  7899.5  83965.6    83850
read      301.0   160.6    80.4   138.6   163.4   284.1   332.1   360.5   379.9   402.6   434.0   489.4   699.9  1753.5  7031.6  18655.0    18614
read      354.0   317.2    74.4   128.6   151.4   310.8   379.8   416.4   442.5   473.5   518.4   606.2  1517.3  4469.0  7845.6  29315.6    29315
read      471.9   509.8    80.4   163.8   194.6   362.2   449.5   509.7   559.5   623.7   717.7   956.8  3060.0  6311.2  8097.7 108115.4   108090
read      343.5   287.9    74.4   128.4   150.1   304.1   370.7   407.0   434.6   467.7   514.0   604.3  1219.4  3752.2  7885.2  27059.2    27024
read      412.1   505.5    74.4   126.8   145.5   314.3   408.7   465.4   506.1   555.8   625.3   770.0  2972.9  6142.8  9060.6  49856.8    49907
read      273.3   189.0    86.8   151.8   171.9   252.3   285.8   305.6   320.2   340.9   368.8   420.4   672.9  2714.4  7586.1   9173.2     9150
read      401.9   514.5    74.4   128.6   150.8   325.8   404.4   447.1   478.2   517.3   574.0   703.1  2549.4  7437.4 11747.7  34205.8    34328
read      412.7   514.2    80.4   128.6   146.7   302.0   388.2   445.8   492.1   550.2   643.6   890.8  2851.9  6351.8  9367.8  51933.8    51881
read      282.4   162.3    80.4   141.8   165.4   267.5   306.8   328.9   345.5   366.2   391.7   433.0   633.0  2276.3  6097.7  14556.0    14569
read      441.7   674.1    74.4   131.7   150.2   287.0   358.5   407.7   453.9   524.9   661.9  1289.7  3643.8  7745.5  8698.4  81368.4    81517
read      375.7   432.1    74.4   127.2   143.4   273.8   346.7   402.8   457.9   534.0   650.1   918.8  1996.5  5608.2  9009.7  78785.8    78694
read      334.4   386.1    80.4   131.6   149.3   271.8   330.8   365.7   393.3   430.6   491.0   630.5  1690.3  4908.5  9866.8  93392.0    93409
read      362.7   330.1    74.4   127.3   147.0   314.4   394.6   438.4   468.9   505.1   552.5   636.1  1505.8  4524.5  7889.6  39111.4    39093
read      293.3   184.7    80.4   137.3   162.0   279.9   325.3   352.1   370.0   391.9   420.2   465.5   607.8  1468.8  9071.2  18804.0    18729
read      379.3   655.8    74.4   127.5   143.8   283.9   358.3   410.7   456.3   514.8   600.8   781.7  2310.7  6367.0 25731.0  70734.2    70818
read      328.7   272.9    80.4   136.8   161.5   295.7   352.5   384.4   407.4   436.3   475.0   549.3  1040.3  3949.8  7937.9  22020.0    21942
read      510.4   736.0    80.4   148.9   174.1   334.5   419.2   481.4   537.8   620.2   764.2  1443.3  4252.5  7707.5  9936.2  91688.8    91810
read      373.8   392.4    74.4   127.5   147.7   311.8   391.5   435.2   467.3   505.6   556.5   653.1  2108.5  5148.9  8552.5  39651.8    39588
read      339.2   243.5    74.4   123.2   143.2   310.0   388.7   429.3   457.4   489.9   530.6   591.6   833.4  3480.4  7214.3  40920.6    40957
read      414.0   578.9    74.4   128.4   145.9   290.5   363.0   412.5   455.4   511.7   606.5   927.7  3438.0  7078.9  8124.2  62476.0    62645
read      318.4   297.3    80.4   143.8   170.5   281.2   326.6   354.2   373.6   399.1   435.4   518.5  1097.4  4941.1  7951.2  15482.4    15539
read      555.6   588.3    80.4   195.0   232.6   425.8   533.9   603.0   659.0   731.8   850.0  1189.1  3263.3  7589.7  9982.5 107804.8   107672
read      390.7   496.0    80.4   128.6   151.4   311.3   384.3   424.5   454.1   491.0   544.6   679.5  2639.4  7299.6  8127.9  32870.2    32954
read      328.2   336.5    80.4   123.1   138.8   272.7   336.7   376.9   408.4   450.4   508.5   629.8  1540.1  4341.4  8074.8  58912.4    58866
read      334.0   331.5    80.4   129.8   153.7   296.3   352.7   383.2   404.3   431.7   467.9   541.0  1326.0  5569.8  8032.8  23752.6    23739
read      351.8   355.2    74.4   123.6   140.0   288.0   360.9   407.1   445.1   492.8   557.9   688.5  1800.7  4330.6  7900.8  54645.6    54701
read      298.9   220.3    74.4   118.8   133.1   261.4   325.3   365.8   396.7   435.1   487.3   578.8   958.0  2815.7  5568.9  60667.0    60706
read      300.6   240.1    74.4   120.8   135.1   255.3   320.5   364.5   399.4   444.0   502.7   599.6   984.3  2886.2  7783.8  72396.8    72350
read      326.6   304.3    74.4   121.0   136.1   273.7   339.5   381.4   414.7   457.5   517.5   637.1  1531.7  3657.1  7759.1  58733.8    58661
read      326.0   217.6    80.4   123.8   143.3   300.9   370.1   406.1   432.2   462.5   500.3   558.9   836.1  3059.5  7308.4  34898.8    34912
read      365.0   508.7    74.4   131.8   149.3   269.8   329.5   366.1   395.2   433.9   495.6   632.8  3097.3  5701.6  8813.6 103337.8   103268
read      325.5   258.1    74.4   120.8   139.3   295.8   367.9   406.0   433.7   465.9   506.3   573.0   881.1  3082.1  9935.6  38686.2    38703
read      389.0   523.1    74.4   128.0   144.7   270.5   335.8   377.4   414.5   470.4   581.4   953.5  2982.3  5616.6  8055.8  83296.2    83358
read      318.7   292.0    74.4   120.6   135.7   269.6   331.6   370.4   401.2   442.3   500.8   617.9  1422.6  3676.1  7658.1  57450.0    57408
read      335.3   452.3    80.4   128.7   144.3   258.7   316.1   348.4   372.6   403.0   450.5   558.1  2888.3  5553.9  8017.5  86963.4    86837
read      321.5   200.5    74.4   123.9   144.3   297.4   365.3   401.2   426.7   456.1   493.4   550.4   804.7  2580.0  5088.1  33509.4    33517
read      379.9   499.5    80.4   125.2   141.4   275.0   342.0   386.4   423.3   472.2   550.9   815.0  2855.5  5902.6  8062.5  66128.8    66204
read      310.8   224.7    80.4   124.3   139.8   265.4   332.3   375.8   412.7   461.1   527.9   635.4   994.4  2666.5  5442.2  73842.0    73758
read      320.6   314.2    74.4   134.5   152.2   269.0   324.9   358.4   383.4   415.7   465.2   578.1  1578.6  3764.8  7991.2  99781.2    99742
read      317.9   236.7    80.4   139.1   158.1   279.5   336.5   370.2   396.5   431.3   484.1   591.7  1025.5  3064.5  7631.1 109440.4   109462
read      286.2   195.4    74.4   130.1   146.4   257.0   311.3   341.4   364.3   391.6   429.1   501.7   852.7  2618.2  7000.6  94462.0    94453
read      357.6   375.0    74.4   121.7   140.3   304.1   384.3   429.2   461.2   498.3   544.8   627.5  1601.6  5331.6  9047.7  44287.6    44096
read      352.8   452.8    74.4   132.6   150.1   268.9   328.1   364.3   392.8   431.2   493.5   636.8  2942.8  5090.3  8025.6 100569.4   100467
read      245.8   168.2    86.8   145.8   163.1   230.9   259.1   274.3   286.9   301.0   320.2   357.8   482.3  2344.3  6828.5   8578.6     8576
read      349.5   387.0    80.4   120.6   136.4   276.8   349.0   396.9   435.3   486.3   557.9   717.5  1832.7  5166.8  9375.0  59057.4    59359
read      239.6   103.9    86.8   147.3   163.7   228.1   254.8   270.6   282.4   295.9   316.4   352.9   477.6  1173.1  3951.5   7593.2     7614
read      357.1   375.5    74.4   123.8   140.1   281.7   351.3   398.1   437.0   490.1   569.3   745.8  2080.0  4365.5  7902.2  60314.8    60329
read      386.8   381.8    80.4   126.3   146.6   320.1   408.2   456.7   491.7   533.5   591.2   723.1  2030.5  4747.8  7940.0  43658.2    43762
read      340.0   398.1    74.4   121.0   135.9   267.1   332.3   373.5   407.0   452.0   511.9   633.9  2485.2  4412.7  7944.0  66971.0    67038
read      310.1   210.0    80.4   126.4   148.3   288.5   345.9   375.7   397.0   422.1   454.4   505.4   804.1  2873.8  7662.5  26138.2    26095
read      363.1   495.7    74.4   123.9   139.9   262.5   329.6   372.5   407.0   453.8   519.2   672.5  2940.7  5942.1  8039.5  71261.4    71173
read      306.5   302.1    74.4   132.3   149.2   259.4   313.9   345.2   369.6   400.1   445.1   535.8  1444.8  3754.2  7836.3 109307.0   109276
read      262.4   115.2    86.8   139.1   162.8   251.2   286.5   306.2   320.4   339.7   363.9   401.0   523.3  1364.6  3160.4  13198.4    13150
read      379.7   525.4    74.4   121.1   136.8   266.3   331.0   373.0   406.7   453.3   522.9   911.3  2932.8  5688.5  8061.1  61099.8    61250
read      308.3   247.5    74.4   121.8   136.7   250.5   316.9   364.0   404.8   462.7   541.7   672.3  1086.8  2590.8  7554.9  84267.2    84472
read      315.9   235.2    74.4   124.5   140.0   256.9   324.7   374.1   418.2   476.6   556.7   690.0  1126.5  2610.8  5195.3  82191.4    82226
read      308.9   190.9    74.4   124.6   145.0   288.3   347.0   378.7   400.3   426.5   460.4   513.9   796.1  2526.9  5788.6  27750.6    27671
read      381.6   539.5    80.4   134.5   152.6   275.3   337.3   375.0   405.0   448.5   520.6   720.8  3243.7  6353.8  8664.9  98780.4    98736
read      272.1   156.5    74.4   129.1   144.4   246.8   299.4   328.7   350.4   376.5   413.0   478.1   717.1  1768.7  4005.0 106162.0   106314
read      271.5   160.7    80.4   126.6   141.6   243.2   296.5   326.3   348.2   374.9   413.2   486.7   807.3  1813.8  3755.5 104809.6   105027
read      263.9   163.8    80.4   124.0   138.6   236.9   291.0   319.4   340.8   366.3   399.8   461.2   719.1  1969.6  4807.5  96622.2    96867
read      320.0   357.0    80.4   127.4   143.5   260.5   319.1   353.7   380.2   416.1   472.7   611.4  1700.1  4165.5  9775.3  89158.6    89493
read      585.3   962.3    80.4   128.0   147.2   303.0   388.0   455.7   518.4   627.3  1137.4  2623.5  5075.0  8039.6 11834.8  50525.2    50538
read      397.6   694.1    80.4   134.2   161.3   304.2   366.4   401.6   429.5   467.5   535.1   742.3  2401.1  9951.6 24310.9  22076.2    22083
read      370.5   340.8    74.4   121.4   139.9   310.4   402.2   452.9   489.0   532.0   589.2   698.0  1702.3  4116.5  7952.9  48423.0    48618
read      332.2   433.2    74.4   127.9   143.6   256.9   313.7   346.5   371.8   403.2   452.8   576.9  2662.2  5300.4  8113.7  94285.2    94298
read      288.8   201.5    80.4   120.6   135.3   254.7   317.0   355.9   385.9   423.2   470.7   547.5   821.3  2156.1  6874.2  63623.4    63579
read      287.5   184.1    74.4   119.6   133.9   253.7   317.0   356.7   387.2   424.6   471.8   547.2   804.1  2359.0  4082.6  64446.8    64573
read      357.8   413.8    74.4   124.2   140.1   269.9   341.6   392.2   435.8   494.1   577.8   759.6  2172.0  5147.6  7958.0  77321.6    77178
read      341.2   299.6    80.4   128.3   150.3   301.5   367.5   402.2   428.0   458.8   500.5   582.9  1348.6  4061.6  8004.6  29832.2    29824
read      381.2   521.2    74.4   121.3   136.6   265.0   334.1   379.5   417.6   468.1   550.2   966.5  2988.6  5776.7  8068.9  64572.2    64495
read      314.9   221.7    80.4   135.6   160.7   288.7   341.7   369.9   390.3   414.7   449.2   513.9  1017.2  2937.6  7396.9  20996.0    20917
read      395.1   549.0    74.4   129.4   146.5   271.6   337.1   379.3   416.5   472.4   586.5  1007.9  3062.3  6236.1  8765.6  85745.4    85651
read      321.3   322.6    74.4   122.6   138.1   270.9   336.4   377.3   410.2   452.3   508.2   608.6  1330.6  4222.6  8467.8  61848.8    61935
read      452.5   668.9    74.4   129.2   148.1   304.8   389.3   445.6   491.4   552.5   660.4  1127.9  3555.2  7798.5 10176.4  50250.0    50216
read      453.9   654.6    80.4   133.4   151.9   292.3   367.4   423.1   475.0   554.5   704.1  1324.0  3664.5  7504.5  9757.0  72249.8    72251
read      342.5   316.0    80.4   127.2   143.2   273.7   345.3   395.8   439.5   500.5   584.8   734.7  1495.9  3865.8  7688.7  71753.4    71798
read      303.0   219.2    80.4   134.6   158.2   280.9   330.3   357.7   376.5   400.1   431.7   487.0   780.4  3091.0  7499.5  19712.4    19701
read      332.2   266.1    74.4   133.2   156.9   301.9   362.8   394.9   418.6   446.4   482.6   545.0  1033.1  3889.6  7996.3  24901.0    24952
read      419.1   575.9    74.4   130.5   148.3   281.4   348.7   395.2   436.1   503.6   647.9  1235.7  3163.6  6450.0  8790.4  81996.4    81838
read      318.4   229.8    80.4   129.7   151.8   293.6   352.6   384.7   406.7   434.0   469.2   530.4   825.4  3331.7  7636.9  26660.6    26648
read      342.9   379.3    80.4   131.3   154.6   301.2   360.9   392.2   414.9   441.6   477.7   542.2  1379.0  6085.1  8218.3  24784.4    24837
read      362.6   400.8    74.4   128.0   149.6   309.2   376.0   411.5   437.0   468.4   510.4   588.4  2082.2  5348.6  8025.8  29443.4    29420
read      383.9   434.4    80.4   140.6   160.7   298.1   368.3   414.4   454.3   508.5   597.4   774.0  2626.4  5478.2  8002.7 103840.4   103882
read      327.6   312.7    80.4   125.7   141.3   269.0   338.4   384.4   424.9   479.2   553.2   682.2  1179.5  4205.8  8075.7  70314.0    70314
read      323.6   284.5    80.4   124.4   139.8   273.3   342.2   386.5   422.8   468.2   530.8   634.3  1130.0  3813.4  7748.8  61567.6    61679
read      358.6   332.2    74.4   126.4   143.5   293.8   372.9   424.7   464.7   515.1   587.1   729.3  1575.2  4336.6  8429.4  49759.0    49557
read      297.8   145.6    74.4   135.4   159.4   283.2   332.8   359.9   378.9   401.6   432.2   480.6   654.4  1683.2  4031.5  19328.6    19325
read      259.0    95.6    86.8   150.8   170.3   248.8   280.7   298.0   312.6   329.5   351.5   387.3   495.6  1084.2  3045.6   9117.4     9128
read      374.1   581.0    80.4   133.8   151.4   273.2   334.7   372.3   402.2   443.3   507.2   663.1  3362.3  7269.3  8786.5  94774.4    94933
read      311.1   154.2    80.4   133.6   156.4   292.6   349.6   380.8   403.1   430.5   464.7   521.2   716.0  1739.7  3057.7  24372.8    24327
read      405.9   548.6    80.4   130.8   148.2   282.7   356.1   408.3   456.7   522.2   623.6   893.9  3125.2  6196.7  8092.7  72061.4    71896
read      286.5   257.9    74.4   126.4   141.1   243.6   297.7   328.4   351.2   379.4   419.4   496.9  1380.1  3249.4  7473.1  93621.4    93771
read      304.8   176.7    80.4   137.5   161.7   286.2   336.9   364.8   384.9   408.1   438.2   491.6   741.2  2148.5  6433.0  20470.4    20452
read      346.2   198.8    74.4   126.4   146.0   317.7   402.7   448.7   480.5   516.9   563.3   634.4   835.4  2241.0  3866.9  42220.0    42338
read      365.9   441.8    80.4   127.8   143.4   271.9   343.5   394.2   438.6   501.0   590.0   764.9  2642.4  5377.4  8016.6  72802.0    72627
read      328.0   301.8    74.4   130.6   146.9   265.5   327.4   365.4   395.9   438.2   512.2   709.6  1558.2  3563.4  7867.9  80593.0    80603
read      325.8   217.9    74.4   127.9   144.2   288.1   356.3   398.5   432.1   474.9   532.4   630.5  1033.2  2659.7  4479.5  49066.0    49049
read      289.9   281.2    80.4   127.2   142.0   246.7   301.6   332.0   355.0   383.1   423.1   501.9  1333.8  3615.1  7759.1  92378.8    92305
read      291.9   162.9    80.4   123.4   138.1   265.6   326.2   363.2   391.8   428.0   476.9   551.8   746.0  1700.2  3504.3  56831.8    56889
read      351.4   292.6    80.4   131.7   149.0   276.7   350.5   404.5   456.8   526.8   624.5   804.7  1420.1  3091.9  7588.3  77958.8    78036
read      334.0   250.0    74.4   129.8   146.2   275.3   347.8   399.0   443.9   504.3   585.6   719.7  1137.2  2970.1  7072.1  71620.0    71583
read      361.0   308.9    80.4   133.3   151.4   287.7   365.8   422.5   470.9   538.2   630.4   789.1  1445.0  3664.3  7530.4  72460.4    72609
read      397.7   413.7    80.4   148.9   172.0   317.2   390.5   439.0   480.1   536.2   626.1   818.6  1886.4  4906.3 10790.8 107443.2   107382
read      278.5   164.9    80.4   129.1   144.7   255.1   309.8   339.6   361.5   387.8   424.3   490.4   724.0  1624.5  5062.8  86374.2    86530
read      310.0   205.6    80.4   144.2   169.9   285.4   334.3   361.6   381.3   404.6   437.5   499.9   837.7  2899.9  7582.4  16623.6    16550
read      394.6   552.2    80.4   132.2   149.5   276.9   340.7   381.5   415.9   464.8   548.1   854.6  3211.1  5950.6  8122.2  84626.8    84534
read      323.2   231.3    74.4   127.2   142.6   267.1   336.0   382.4   424.0   483.0   570.0   716.3  1123.9  2192.1  4313.1  72587.4    72631
read      343.7   207.6    74.4   126.7   143.8   302.4   389.9   441.7   479.9   525.9   585.0   677.6   966.4  1811.7  4482.7  49514.4    49291
read      307.1   220.1    74.4   122.8   137.5   264.6   332.0   373.9   407.5   452.8   511.7   608.9  1002.8  2537.1  4686.5  62356.0    62175
read      356.2   329.6    74.4   128.6   145.0   270.5   344.2   399.2   452.3   530.3   645.3   865.6  1580.4  3599.2  7751.4  80321.6    80213
read      287.5   146.7    80.4   141.2   165.6   276.0   319.3   343.5   361.4   381.6   407.0   449.6   562.2  1439.1  3225.3  16570.8    16566
read      318.3   243.1    80.4   125.2   140.5   278.4   344.9   387.5   420.6   462.2   518.9   614.3  1015.9  3120.6  7352.4  53951.8    53985
read      325.3   306.4    74.4   136.2   154.2   272.9   328.0   360.9   386.1   419.0   468.4   575.5  1706.0  3634.5  7699.9 101806.0   101949
read      304.4   147.3    74.4   133.4   156.1   288.9   343.8   373.1   394.7   420.3   452.9   502.0   636.8  1855.8  3115.3  23856.2    24076
read      359.8   385.9    74.4   125.7   142.1   287.3   364.1   413.0   452.7   502.5   576.1   726.5  1849.7  5618.6  7975.5  52366.4    52574
read      371.9   407.1    80.4   142.1   163.0   297.0   359.2   398.9   432.6   479.6   552.1   699.8  2450.8  4745.0  7998.6 106098.8   106271
read      311.0   244.4    80.4   138.6   157.3   277.0   331.8   364.3   389.2   421.3   467.6   557.2   910.6  3157.5  8363.7 105171.6   105451
read      270.4   128.4    74.4   128.2   143.5   251.4   305.7   334.6   355.7   380.5   414.2   469.4   628.0  1246.7  2918.8  86001.8    86087
read      328.0   196.2    80.4   131.7   153.5   306.6   370.8   405.3   430.5   460.2   497.3   556.2   782.8  2289.5  7615.4  29112.8    29108
read      394.7   515.5    80.4   139.1   158.5   292.0   358.6   401.1   437.7   488.8   566.6   762.8  3029.5  5863.8  9629.0 101155.8   101115
read      296.1   194.4    74.4   123.1   137.8   251.8   318.1   361.5   395.7   440.2   503.3   609.0   925.1  2088.3  3923.5  74439.2    74326
read      300.5   213.6    80.4   121.8   136.2   251.0   317.8   363.7   401.0   452.2   519.8   631.4   989.7  2446.1  4954.3  75797.2    75832
read      272.9   211.6    74.4   125.7   140.3   239.4   292.8   321.8   344.4   371.9   409.8   479.9   845.3  3204.6  6457.0  94770.6    94901
read      284.7   154.5    80.4   140.5   164.6   270.5   312.7   337.0   354.3   373.4   400.0   444.1   582.0  1934.6  6854.2  15916.0    15809
read      375.3   425.3    74.4   134.6   159.2   317.8   387.1   423.8   450.7   483.6   530.2   621.6  1944.7  6403.4  8237.8  28788.6    28874
read      321.2   198.8    80.4   127.8   144.0   286.1   355.0   398.2   432.0   474.4   531.0   622.6   920.3  1996.8  4404.9  51740.4    51882
read      326.8   176.4    80.4   129.3   149.5   307.7   376.3   413.3   439.3   468.8   506.6   566.2   712.0  2161.4  4424.2  32778.8    32653
read      348.4   245.9    74.4   127.3   147.0   319.3   403.4   448.6   480.0   516.1   561.3   629.9   797.2  3362.2  7962.3  41490.6    41676
read      335.5   374.5    74.4   124.8   140.0   269.5   337.3   380.8   416.1   461.0   521.7   631.0  2167.4  4566.0  8028.5  63191.0    63019
read      312.1   305.0    74.4   131.8   148.2   257.8   314.1   346.5   372.3   404.3   455.6   565.5  1632.7  3665.0  7765.7  99005.8    99164
read      367.3   302.8    80.4   129.9   148.2   308.1   394.9   449.8   491.3   541.2   608.3   728.0  1369.0  3800.4  7662.7  47091.6    47055
read      324.1   327.3    74.4   124.5   139.6   267.0   335.1   378.6   412.2   454.6   509.7   610.7  1498.6  4321.8  7827.0  62673.2    62394
read      329.1   301.3    80.4   137.6   155.4   275.4   334.3   369.7   398.0   434.7   492.8   615.5  1570.5  3617.4  7724.5  98652.8    98519
read      324.0   174.0    74.4   130.5   151.4   303.7   370.5   406.1   432.0   462.5   501.5   561.6   724.1  1954.7  4173.6  32121.4    32122
read      363.3   276.7    74.4   128.3   146.9   309.0   399.1   453.5   493.1   541.0   605.8   720.7  1266.6  3068.1  7822.7  49394.8    49464
read      314.3   151.6    80.4   133.9   157.2   300.1   358.4   388.9   410.6   435.9   468.9   522.5   669.3  1751.1  3766.2  24081.0    24034
read      401.4   540.3    74.4   130.1   147.1   278.2   350.9   402.6   453.1   527.4   643.0   938.5  3027.8  6632.2  9869.1  77361.0    77363
read      300.5   273.3    74.4   129.6   145.4   257.0   312.1   343.2   366.9   395.9   436.6   522.9  1519.3  3588.6  7499.5  91822.4    91698
read      356.4   323.9    80.4   128.7   149.0   314.9   393.9   437.9   470.3   507.2   555.8   635.3  1034.6  4535.4  9621.0  38962.8    38997
read      350.0   472.8    80.4   130.8   147.1   263.9   322.3   357.1   384.0   419.8   474.1   613.6  2960.9  5515.9  8085.9  85988.4    86028
read      257.1   122.1    74.4   123.8   138.2   236.3   291.8   320.5   341.3   365.8   397.1   448.5   583.3  1086.3  2623.9  83210.2    83012
read      282.5   128.9    80.4   144.1   168.0   270.0   311.3   334.7   351.4   371.3   397.6   438.2   559.1  1487.4  4041.1  15011.4    15024
read      331.5   314.9    74.4   126.6   142.3   276.1   342.3   383.7   417.4   461.3   522.7   637.1  1587.9  3980.2  7943.5  56498.2    56640
read      320.3   302.4    80.4   132.9   149.8   263.8   321.0   355.5   382.0   416.7   469.8   599.8  1697.4  3618.6  7620.0  97283.8    97362
read      284.8   757.1    80.4   134.0   150.5   256.7   309.1   339.1   361.8   389.5   427.9   495.6   705.9  2221.4  6115.3 107791.4   107412
read      300.7   414.2    74.4   125.2   140.3   263.7   328.2   368.1   399.9   442.1   500.7   592.7   833.6  2286.0  4604.0  64949.2    65030
read      329.7   312.5    80.4   130.9   147.6   268.1   329.2   365.5   394.5   434.1   504.3   692.4  1593.7  3534.2  7806.9  79031.0    79278
read      351.9   259.1    74.4   127.4   145.7   305.8   392.9   443.6   481.1   525.6   583.8   677.1  1044.6  3508.6  6992.2  47441.4    47544
read      399.3   456.7    80.4   144.0   165.9   308.2   375.2   420.7   459.8   514.5   603.6   783.9  2705.6  5308.1  8103.0 105134.2   105368
read      283.2   139.5    74.4   123.4   138.4   261.7   320.3   354.8   380.8   413.8   459.0   530.0   684.5  1161.0  2616.3  58062.0    58181
read      287.3   190.3    74.4   121.3   135.5   260.6   321.1   358.2   386.1   420.0   464.3   532.8   697.3  2388.9  6418.7  56886.0    56960
read      300.3   308.3    86.8   147.9   170.9   265.5   301.8   323.8   340.4   360.7   388.0   435.1  1313.4  4488.4  8125.4  14823.2    14849
read      299.4   226.7    80.4   121.7   136.2   255.3   322.5   365.7   398.7   439.5   494.4   583.8  1021.6  2691.7  7879.1  63529.0    63672
read      299.5   198.6    80.4   122.8   138.5   270.1   334.9   371.9   399.4   433.1   478.6   555.7   790.3  2390.5  5979.4  48226.6    48289
read      270.1   112.3    86.8   147.1   168.7   259.6   295.5   316.9   332.2   348.9   371.8   407.9   535.6  1280.8  3178.6  11788.4    11797
read      266.8    99.9    80.4   150.2   171.4   258.1   292.2   311.6   325.5   342.0   364.6   399.7   498.4  1066.2  3187.6  10744.4    10781
read      377.8   360.1    74.4   127.4   146.3   313.5   408.2   461.9   500.7   545.6   606.7   717.9  1609.2  4980.4  8111.7  49200.6    49362
read      319.5   292.7    80.4   137.1   154.2   267.6   324.1   358.5   384.7   419.2   470.4   590.9  1492.1  3571.9  7868.9 102003.4   102119
read      322.1   331.3    80.4   128.7   145.3   280.2   338.4   372.6   398.7   431.9   477.7   561.9  1250.2  5640.5  8414.3  46083.8    46213
read      343.1   383.2    80.4   136.3   154.3   278.5   338.4   374.0   402.6   441.3   500.6   629.1  2002.9  4216.3  8076.2  96848.0    97025
read      282.2   149.3    80.4   144.5   167.8   269.3   307.7   330.5   346.5   367.9   394.9   438.6   557.0  1601.2  7091.9  18367.6    18351
read      261.8    93.7    80.4   144.3   164.9   257.7   287.6   304.7   317.7   334.5   356.0   390.8   468.6   652.2  3206.2  21300.6    21426
read      259.1    93.6    68.9   127.8   143.3   258.9   298.7   319.1   334.3   351.2   373.3   408.6   493.0   627.5  1921.9  43137.8    43013
read      255.0   109.5    74.4   122.8   137.1   243.0   296.5   322.0   340.2   361.2   387.7   429.4   529.0   694.2  3017.3  67275.0    67376
read      261.3   127.8    74.4   130.4   146.7   260.6   295.9   315.3   329.3   345.1   367.8   402.1   487.9   657.3  6686.0  36169.0    36043
read      240.9   113.8   101.3   161.9   175.7   229.3   252.9   267.3   277.3   291.9   312.8   346.5   424.9  1131.9  3196.3   6299.8     6255
read      279.0   149.4    74.4   132.3   148.9   256.1   308.7   338.2   360.4   387.4   424.4   491.3   709.8  1501.2  3842.9 102131.4   102499
read      260.0    93.7    80.4   138.0   156.2   257.6   288.4   305.9   318.6   335.7   357.6   393.0   476.4   684.2  3076.6  26394.0    26263
read      262.3   102.9    74.4   125.9   140.8   255.5   306.1   330.9   347.8   368.4   394.2   433.1   527.1   684.0  1825.0  56980.8    56974
read      263.3   106.3    74.4   129.3   145.4   262.0   300.6   320.6   336.6   354.9   378.2   417.2   507.0   692.7  2088.3  40842.4    40869
read      257.1   108.8    74.4   125.5   140.3   255.3   296.8   317.5   333.2   350.9   373.8   410.5   497.4   692.7  3176.2  46419.2    46514
read      238.1    90.0    80.4   152.7   169.8   230.6   253.6   267.6   277.4   291.4   310.3   342.5   419.0   725.6  4155.6  11420.6    11431
read      255.3   104.1    74.4   122.8   137.3   248.1   298.0   321.1   338.5   358.4   383.5   423.0   511.3   665.9  2020.6  58430.4    58600
read      256.5   617.9    74.4   122.9   137.4   242.2   296.6   322.2   340.7   362.0   388.6   429.4   520.3   656.6  1940.2  68090.6    68058
read      259.7   112.4    74.4   125.2   140.1   254.3   301.9   325.3   341.7   361.0   385.2   423.5   508.1   740.6  2989.5  54233.8    54502
read      258.4   107.8    74.4   124.1   138.7   247.9   300.4   326.2   344.3   365.5   392.1   432.6   523.7   687.1  2368.4  64083.2    64022
read      259.6   117.2    74.4   125.7   140.6   255.0   302.0   325.0   341.5   360.9   384.8   421.0   500.5   656.7  3962.0  52179.6    52142
read      259.4   112.2    74.4   128.6   143.6   242.4   293.8   320.8   341.1   364.7   394.8   442.9   560.3   866.0  2004.7 101402.0   101375
read      276.7   479.7    74.4   132.1   149.5   270.0   311.2   333.8   350.3   370.5   398.0   444.4   582.9  1101.7  2487.2  40482.2    40606
read      260.6    98.9    74.4   127.1   142.2   259.2   301.7   323.1   339.0   357.7   380.9   418.1   504.2   648.3  1855.6  47303.6    47485

Total QPS = 57382.0 (74596656 / 1300.0s)

Total connections = 64
Misses = 0 (0.0%)
Skipped TXs = 0 (0.0%)

RX 18425373785 bytes :   13.5 MB/s
TX          0 bytes :    0.0 MB/s
Warning! Detected max cpu usage > 95%
CPU Usage Stats (avg/min/max): 99.85%,2.00%,100.00%
