#type       avg     std     min      p5     p10     p50     p67     p75     p80     p85     p90     p95     p99    p999   p9999      QPS   target       ts_start         ts_end
read      276.5   215.9   109.4   178.6   194.6   262.5   288.1   302.6   314.1   328.4   347.5   387.0   486.2  2225.1 10264.8   4928.0     5000  1777978926708  1777978928973
read      288.2    98.2   101.3   168.6   189.3   279.8   310.8   328.2   341.7   358.6   380.0   422.8   591.7  1261.9  1886.9  14935.0    15000  1777978930477  1777978932727
read      320.4   166.1    93.8   162.1   182.7   297.2   337.4   361.5   379.7   402.6   438.6   532.4  1049.2  1851.5  2666.9  25073.0    25000  1777978934232  1777978936433
read      295.9   128.7    86.8   149.3   167.0   290.2   333.9   356.8   372.6   392.5   417.9   460.6   597.9  1266.6  4305.3  34892.2    35000  1777978937939  1777978940139
read      306.8   161.6    86.8   144.0   161.4   287.4   340.3   369.5   391.0   416.7   451.8   515.9   819.8  2086.1  3383.2  44955.5    45000  1777978941644  1777978943846
read      299.2   160.2    80.4   139.1   155.2   277.5   332.4   363.4   386.6   414.9   454.4   522.2   789.5  1602.0  4797.9  54866.5    55000  1777978945351  1777978947551
read      309.1   160.7    80.4   138.5   154.8   284.4   342.8   376.7   403.2   437.4   486.1   572.9   815.7  1356.3  3098.6  65109.9    65000  1777978949056  1777978951267
read      317.2   177.1    86.8   140.2   156.3   280.8   342.5   381.7   414.0   457.0   518.6   636.5   928.2  1479.1  2565.0  75100.2    75000  1777978952772  1777978954973
read      325.5   218.2    86.8   140.5   156.2   271.6   336.8   381.5   421.9   477.8   556.9   704.5  1056.1  2168.4  4611.6  84770.4    85000  1777978956478  1777978958679
read      479.9   467.9    86.8   161.1   186.1   340.2   433.7   507.8   582.1   704.0   919.4  1299.7  2482.5  3920.3  8051.2  95022.2    95000  1777978960184  1777978962385
read      657.7   736.8    86.8   189.4   223.2   421.3   562.8   679.1   789.3   952.1  1261.3  2182.2  3626.5  7458.9  9517.7  98407.3   105000  1777978963890  1777978966091
read      634.2   747.6    93.8   206.9   241.2   416.1   514.0   582.9   644.5   756.1  1077.3  2406.0  3653.7  7633.8  8639.3 103111.6   115000  1777978967596  1777978969797
read      645.1  1017.2    86.8   203.2   237.4   412.1   510.3   582.3   645.0   749.4  1059.3  2500.7  3724.7  7787.2 31790.9 103043.2   125000  1777978971301  1777978973503
Warning! Detected max cpu usage > 95%
CPU Usage Stats (avg/min/max): 50.50%,1.00%,100.00%
